msg size,window size,sg pieces,base_ops,base_gbps,cpu_gather_ops,cpu_gather_gpbs,nic_gather_ops,nic_gather_gbps,piece_by_piece_ops,piece_by_piece_gbps
1440,128,1,6898693.90,79.47,4393971.58,50.62,6896192.92,79.44,6840821.11,78.81
1440,128,2,6906196.89,79.56,5230276.43,60.25,6780456.05,78.11,3451001.72,39.76
1440,128,3,6904311.92,79.54,5381801.49,62.00,5827538.27,67.13,2307809.83,26.59
1440,128,4,6911884.58,79.62,5442264.29,62.69,5892769.54,67.88,1735287.40,19.99
1440,128,5,6904386.14,79.54,5505776.35,63.43,5841179.04,67.29,1391685.43,16.03
1440,128,6,6907098.99,79.57,5776400.27,66.54,5733166.94,66.05,1160310.10,13.37
1440,128,8,6910550.19,79.61,5718421.58,65.88,4073965.18,46.93,870027.92,10.02
1440,128,9,6900636.68,79.50,5760642.18,66.36,4339067.58,49.99,774133.30,8.92
1440,128,10,6903397.87,79.53,5842336.27,67.30,4087185.40,47.08,696934.29,8.03
1440,128,12,6902834.48,79.52,5841798.35,67.30,3589794.06,41.35,580845.22,6.69
1440,128,15,6910298.72,79.61,5889806.99,67.85,2379986.62,27.42,465107.14,5.36
1440,128,16,6899883.30,79.49,5879087.18,67.73,2393339.34,27.57,435826.47,5.02
1440,128,18,6907134.02,79.57,5896246.87,67.92,2321646.59,26.75,387501.96,4.46
1440,128,20,6905110.32,79.55,5881184.97,67.75,2229842.95,25.69,348760.83,4.02
1440,128,24,6907887.17,79.58,5913034.22,68.12,1531217.05,17.64,290638.51,3.35
