msg size,window size,sg pieces,base_ops,base_gbps,base_pp,base_pcq,base_ecq,cpu_gather_ops,cpu_gather_gpbs,cpu_gather_pp,cpu_gather_pcq,cpu_gather_ecq,nic_gather_ops,nic_gather_gbps,nic_gather_pp,nic_gather_pcq,nic_gather_ecq,piece_by_piece_ops,piece_by_piece_gbps,piece_by_piece_pp,piece_by_piece_pcq,piece_by_piece_ecq
512,2,8,721785.52,2.96,96.50,51.18,50.18,674185.24,2.76,90.51,51.93,50.93,683783.83,2.80,95.21,53.83,52.83,95943.25,0.39,96.27,48.50,47.50
512,10,8,2893007.89,11.85,79.03,6.45,5.80,2532818.34,10.37,49.43,3.69,3.06,2432428.23,9.96,80.79,9.24,8.36,367492.02,1.51,77.37,6.20,5.62
512,18,8,4642844.78,19.02,56.13,1.50,1.13,3732731.88,15.29,18.97,0.21,0.00,3665213.47,15.01,62.18,3.36,2.82,599211.83,2.45,53.63,1.53,1.20
512,26,8,5944350.56,24.35,34.69,0.21,0.02,3949409.64,16.18,13.57,0.08,0.00,4047949.19,16.58,56.76,2.39,1.91,796088.39,3.26,31.24,0.20,0.03
512,34,8,6674969.98,27.34,22.97,0.10,0.00,4047586.60,16.58,12.11,0.05,0.00,4307788.12,17.64,53.88,1.81,1.33,849307.50,3.48,22.66,0.07,0.00
512,42,8,6750264.16,27.65,19.99,0.05,0.00,4024101.57,16.48,11.36,0.04,0.00,4436765.26,18.17,52.83,1.52,1.03,868265.22,3.56,19.74,0.05,0.00
512,50,8,6801168.79,27.86,19.01,0.04,0.00,4034470.52,16.53,10.60,0.03,0.00,4534728.17,18.57,51.81,1.30,0.81,866721.95,3.55,19.30,0.03,0.00
512,58,8,6763885.66,27.70,18.06,0.03,0.00,4045853.59,16.57,10.43,0.02,0.00,4668573.63,19.12,49.66,1.10,0.64,874788.62,3.58,18.12,0.03,0.00
512,66,8,6848781.62,28.05,17.86,0.02,0.00,4093542.50,16.77,10.32,0.02,0.00,4672966.75,19.14,49.28,1.01,0.55,881627.51,3.61,17.30,0.02,0.00
512,74,8,6915597.24,28.33,16.84,0.02,0.00,4049703.82,16.59,9.97,0.02,0.00,4754847.42,19.48,48.22,0.89,0.44,881929.00,3.61,17.14,0.02,0.00
512,82,8,6900547.48,28.26,16.98,0.02,0.00,4071082.13,16.68,9.86,0.01,0.00,4773537.31,19.55,48.38,0.88,0.41,883310.30,3.62,16.91,0.02,0.00
512,90,8,6915611.16,28.33,16.64,0.01,0.00,4066672.67,16.66,9.92,0.01,0.00,4810172.24,19.70,47.54,0.82,0.37,883290.27,3.62,16.81,0.01,0.00
512,98,8,6912332.72,28.31,16.59,0.01,0.00,4111138.96,16.84,9.84,0.01,0.00,4800535.15,19.66,48.15,0.83,0.36,883976.14,3.62,16.68,0.01,0.00
512,106,8,6913269.71,28.32,16.51,0.01,0.00,4070482.75,16.67,9.64,0.01,0.00,4800583.33,19.66,47.92,0.81,0.34,886164.03,3.63,16.44,0.01,0.00
512,114,8,6938094.89,28.42,16.19,0.01,0.00,4059325.22,16.63,9.65,0.01,0.00,4751974.16,19.46,49.21,0.85,0.36,886481.67,3.63,16.36,0.01,0.00
512,122,8,6933136.65,28.40,16.13,0.01,0.00,4093813.84,16.77,9.53,0.01,0.00,4841293.75,19.83,47.34,0.75,0.30,886573.96,3.63,16.28,0.01,0.00
512,130,8,6931562.92,28.39,16.00,0.01,0.00,4108758.67,16.83,9.48,0.01,0.00,4746946.02,19.44,49.17,0.82,0.34,887635.75,3.64,16.17,0.01,0.00
512,138,8,6932716.23,28.40,16.03,0.01,0.00,4075202.93,16.69,9.45,0.01,0.00,4860837.69,19.91,47.88,0.63,0.15,889160.38,3.64,16.04,0.01,0.00
512,146,8,6947169.33,28.46,15.82,0.01,0.00,4056242.30,16.61,9.52,0.01,0.00,4950675.64,20.28,45.46,0.57,0.12,888462.93,3.64,16.05,0.01,0.00
