msg size,window size,sg pieces,base_ops,base_gbps,base_pp,base_pcq,base_ecq,cpu_gather_ops,cpu_gather_gpbs,cpu_gather_pp,cpu_gather_pcq,cpu_gather_ecq,nic_gather_ops,nic_gather_gbps,nic_gather_pp,nic_gather_pcq,nic_gather_ecq,piece_by_piece_ops,piece_by_piece_gbps,piece_by_piece_pp,piece_by_piece_pcq,piece_by_piece_ecq
512,2,16,734843.31,3.01,96.48,51.05,50.05,678076.49,2.78,91.91,52.44,51.44,631438.55,2.59,94.41,59.36,58.36,48189.66,0.20,96.27,48.25,47.25
512,10,16,2898411.98,11.87,78.83,6.44,5.79,2610818.13,10.69,57.69,4.58,3.96,1874620.12,7.68,83.31,11.41,10.41,182512.20,0.75,78.30,6.30,5.68
512,18,16,4638692.67,19.00,55.69,1.56,1.19,4057487.87,16.62,27.11,0.34,0.07,2249133.39,9.21,80.03,7.46,6.46,303455.77,1.24,53.29,1.35,1.02
512,26,16,5966856.74,24.44,34.75,0.21,0.02,4500604.29,18.43,16.93,0.10,0.00,2365317.92,9.69,78.98,6.44,5.44,403247.25,1.65,30.39,0.19,0.02
512,34,16,6695954.95,27.43,22.89,0.10,0.00,4703699.18,19.27,14.48,0.06,0.00,2424310.22,9.93,78.41,5.95,4.95,422789.46,1.73,22.97,0.07,0.00
512,42,16,6760205.08,27.69,19.96,0.05,0.00,4749683.75,19.45,13.61,0.04,0.00,2446589.00,10.02,78.18,5.76,4.76,434032.78,1.78,19.74,0.05,0.00
512,50,16,6841260.91,28.02,18.35,0.04,0.00,4780272.60,19.58,13.14,0.03,0.00,2461525.26,10.08,77.96,5.64,4.64,432768.12,1.77,19.44,0.03,0.00
512,58,16,6811647.64,27.90,18.48,0.03,0.00,4725693.61,19.36,12.28,0.02,0.00,2468832.90,10.11,77.99,5.59,4.59,439621.58,1.80,17.76,0.03,0.00
512,66,16,6858925.88,28.09,17.56,0.02,0.00,4817042.17,19.73,12.39,0.02,0.00,2485623.24,10.18,77.79,5.46,4.46,439189.94,1.80,17.60,0.02,0.00
512,74,16,6833579.47,27.99,16.70,0.02,0.00,4803589.52,19.68,11.96,0.02,0.00,2490151.45,10.20,77.71,5.41,4.41,439638.55,1.80,17.39,0.02,0.00
512,82,16,6862450.02,28.11,16.62,0.02,0.00,4778415.32,19.57,11.56,0.01,0.00,2480394.62,10.16,76.36,5.45,4.45,441777.90,1.81,16.88,0.02,0.00
512,90,16,6886916.05,28.21,16.73,0.01,0.00,4745411.32,19.44,11.49,0.01,0.00,2474313.43,10.13,77.84,5.60,4.60,442281.73,1.81,16.71,0.01,0.00
512,98,16,6922313.24,28.35,16.33,0.01,0.00,4828334.70,19.78,11.55,0.01,0.00,2424581.45,9.93,78.14,6.02,5.02,442115.84,1.81,16.66,0.01,0.00
512,106,16,6903922.14,28.28,16.48,0.01,0.00,4829483.66,19.78,11.43,0.01,0.00,2492989.54,10.21,77.54,5.35,4.35,442763.63,1.81,16.49,0.01,0.00
512,114,16,6929385.70,28.38,16.17,0.01,0.00,4836084.44,19.81,11.53,0.01,0.00,2488178.15,10.19,77.71,5.42,4.42,443167.11,1.82,16.37,0.01,0.00
512,122,16,6931099.52,28.39,16.03,0.01,0.00,4817547.65,19.73,11.31,0.01,0.00,2477117.41,10.15,77.83,5.49,4.50,443557.69,1.82,16.28,0.01,0.00
512,130,16,6934458.48,28.40,15.96,0.01,0.00,4852183.01,19.87,11.42,0.01,0.00,2513697.92,10.30,77.46,5.23,4.24,443805.66,1.82,16.20,0.01,0.00
512,138,16,6928462.57,28.38,16.00,0.01,0.00,4852982.79,19.88,11.24,0.01,0.00,2497502.28,10.23,77.06,5.33,4.33,444058.50,1.82,16.11,0.01,0.00
512,146,16,6945469.54,28.45,15.81,0.01,0.00,4848429.86,19.86,11.22,0.01,0.00,2461178.43,10.08,77.94,5.68,4.68,444321.10,1.82,16.06,0.01,0.00
