msg size,window size,sg pieces,base_ops,base_gbps,cpu_gather_ops,cpu_gather_gpbs,nic_gather_ops,nic_gather_gbps,piece_by_piece_ops,piece_by_piece_gbps
720,128,1,6964785.61,40.12,5657810.57,32.59,6957349.97,40.07,6902847.14,39.76
720,128,2,6968225.93,40.14,5750941.87,33.13,6848183.93,39.45,3469028.56,19.98
720,128,3,6966716.77,40.13,5794508.81,33.38,5856573.22,33.73,2320443.10,13.37
720,128,4,6971837.96,40.16,5770481.21,33.24,5933031.09,34.17,1740697.97,10.03
720,128,5,6974180.36,40.17,5839218.09,33.63,5871482.71,33.82,1393585.95,8.03
720,128,6,6970703.79,40.15,5939362.60,34.21,5769988.84,33.24,1161369.78,6.69
720,128,8,6979037.94,40.20,5959509.51,34.33,5353369.80,30.84,871827.88,5.02
720,128,9,6971917.55,40.16,5977250.06,34.43,4772878.66,27.49,774902.71,4.46
720,128,10,6976102.14,40.18,5969967.90,34.39,4518124.63,26.02,697851.07,4.02
720,128,12,6972686.85,40.16,6012026.14,34.63,3741024.69,21.55,581490.62,3.35
720,128,15,6970272.57,40.15,6048791.66,34.84,2534621.84,14.60,465621.53,2.68
720,128,16,6972148.45,40.16,6040857.21,34.80,2475817.45,14.26,435820.89,2.51
720,128,18,6969262.16,40.14,6052407.00,34.86,2226157.19,12.82,387607.27,2.23
720,128,20,6970191.80,40.15,6027867.09,34.72,2261718.40,13.03,348790.33,2.01
720,128,24,6969959.21,40.15,6064349.60,34.93,1550232.31,8.93,290829.30,1.68
