msg size,window size,sg pieces,base_ops,base_gbps,cpu_gather_ops,cpu_gather_gpbs,nic_gather_ops,nic_gather_gbps,piece_by_piece_ops,piece_by_piece_gbps
1440,128,1,6902041.42,79.51,4342637.20,50.03,6883326.48,79.30,6831193.93,78.70
1440,128,2,6896962.35,79.45,5195781.82,59.86,6777262.32,78.07,3448267.73,39.72
1440,128,3,6896127.90,79.44,5347797.52,61.61,5823652.16,67.09,2306361.40,26.57
1440,128,4,6897032.20,79.45,5428021.37,62.53,5901561.09,67.99,1734049.95,19.98
1440,128,5,6899453.65,79.48,5466875.51,62.98,5833232.41,67.20,1390392.13,16.02
1440,128,6,6895637.92,79.44,5749520.57,66.23,5730763.52,66.02,1159365.35,13.36
1440,128,8,6903061.27,79.52,5711108.08,65.79,3783660.61,43.59,869491.05,10.02
1440,128,9,6896037.61,79.44,5723499.31,65.93,4274165.19,49.24,773530.51,8.91
1440,128,10,6902607.70,79.52,5804654.89,66.87,4065914.88,46.84,696688.12,8.03
1440,128,12,6894102.83,79.42,5862120.13,67.53,3557358.41,40.98,580342.31,6.69
1440,128,15,6898029.49,79.47,5898545.88,67.95,2388951.51,27.52,464829.30,5.35
1440,128,16,6900709.02,79.50,5862918.83,67.54,2363020.31,27.22,435653.50,5.02
1440,128,18,6896975.60,79.45,5907134.80,68.05,2361850.55,27.21,387119.28,4.46
1440,128,20,6900760.25,79.50,5883580.28,67.78,2044884.19,23.56,348469.45,4.01
1440,128,24,6896483.09,79.45,5908307.58,68.06,1518727.04,17.50,290337.64,3.34
