msg size,sg pieces,base_rtt,cpu_gather_rtt,nic_gather_rtt,piece_by_piece_rtt
64,1,2.59,2.65,2.59,2.58
128,1,2.61,2.68,2.61,2.61
192,1,2.61,2.69,2.63,2.61
256,1,2.64,2.72,2.67,2.64
320,1,2.65,2.71,2.65,2.67
384,1,2.68,2.74,2.72,2.65
448,1,2.68,2.76,2.67,2.68
512,1,2.70,2.78,2.75,2.70
576,1,2.72,2.83,2.78,2.72
640,1,2.75,2.85,2.77,2.74
704,1,2.76,2.85,2.84,2.76
768,1,2.79,2.84,2.77,2.73
832,1,2.83,2.85,2.81,2.74
896,1,2.75,2.85,2.80,2.76
960,1,2.78,2.86,2.77,2.82
1024,1,2.78,2.86,2.82,2.81
1088,1,2.92,2.95,2.85,2.89
1152,1,2.87,2.95,2.86,2.85
1216,1,2.88,2.94,2.92,2.86
1280,1,2.86,2.95,2.91,2.87
1344,1,2.87,2.94,2.90,2.91
1408,1,2.87,2.94,2.93,2.87
1472,1,2.91,2.95,2.96,2.87
1536,1,2.89,2.99,2.89,2.89
1600,1,2.95,2.99,3.00,2.90
1664,1,2.91,2.97,2.94,2.94
1728,1,2.91,3.04,2.93,2.92
1792,1,2.92,3.02,3.00,2.90
1856,1,2.91,3.01,2.95,2.94
1920,1,2.93,2.99,2.98,3.02
1984,1,3.01,3.11,2.96,2.92
2048,1,2.93,3.03,3.06,3.02
2112,1,3.07,3.09,2.97,2.98
2176,1,3.00,3.14,2.99,3.01
2240,1,2.94,3.18,3.00,3.07
2304,1,3.01,3.20,3.03,2.95
2368,1,3.11,3.12,3.06,3.00
2432,1,2.99,3.05,3.00,3.05
2496,1,3.01,3.26,3.13,2.99
2560,1,3.03,3.15,3.11,3.13
2624,1,3.03,3.13,2.99,3.07
2688,1,3.19,3.11,3.02,3.10
2752,1,3.00,3.14,3.07,3.22
2816,1,3.02,3.23,3.16,2.99
2880,1,3.11,3.13,3.00,3.08
2944,1,3.03,3.14,3.12,3.02
3008,1,3.06,3.14,3.06,3.28
3072,1,3.08,3.36,3.08,3.05
3136,1,3.06,3.35,3.10,3.16
3200,1,3.10,3.35,3.10,3.26
3264,1,3.04,3.19,3.11,3.09
3328,1,3.21,3.22,3.34,3.12
3392,1,3.08,3.42,3.05,3.11
3456,1,3.32,3.27,3.08,3.34
3520,1,3.15,3.27,3.34,3.20
3584,1,3.15,3.26,3.39,3.17
3648,1,3.16,3.22,3.34,3.34
3712,1,3.27,3.20,3.13,3.12
3776,1,3.34,3.41,3.27,3.19
3840,1,3.20,3.26,3.14,3.34
3904,1,3.40,3.49,3.25,3.28
3968,1,3.29,3.36,3.18,3.19
4032,1,3.12,3.35,3.21,3.18
4096,1,3.20,3.36,3.21,3.24
