msg size,odp buf size,write,read
64,4096,2.65,2.66
64,8192,2.67,2.66
64,16384,2.63,2.66
64,32768,2.62,2.66
64,65536,2.62,2.66
64,131072,2.63,2.67
64,262144,2.63,2.67
64,524288,2.63,2.67
64,1048576,2.66,2.68
64,2097152,2.64,2.69
64,4194304,2.65,2.72
64,8388608,2.67,2.77
64,16777216,2.71,2.89
64,33554432,2.81,3.17
64,67108864,2.99,3.97
64,134217728,3.37,7.55
64,268435456,4.45,113.69
64,536870912,12.46,168.20
64,1073741824,47.23,191.22
64,2147483648,60.24,201.87
64,4294967296,inf,inf
64,8589934592,inf,inf
64,17179869184,inf,inf
