msg size,window size,sg pieces,base_ops,base_gbps,base_pp,base_pcq,base_ecq,cpu_gather_ops,cpu_gather_gpbs,cpu_gather_pp,cpu_gather_pcq,cpu_gather_ecq,nic_gather_ops,nic_gather_gbps,nic_gather_pp,nic_gather_pcq,nic_gather_ecq,piece_by_piece_ops,piece_by_piece_gbps,piece_by_piece_pp,piece_by_piece_pcq,piece_by_piece_ecq
1440,128,1,6370677.43,73.39,17.57,0.01,0.00,3810707.60,43.90,10.03,0.01,0.00,4986407.67,57.44,51.63,1.71,1.38,6334817.26,72.98,17.29,0.01,0.00
1440,128,2,6376878.59,73.46,17.58,0.01,0.00,4474360.07,51.54,11.63,0.01,0.00,6449744.90,74.30,25.20,0.13,0.04,3203474.71,36.90,16.38,0.01,0.00
1440,128,3,6366262.23,73.34,17.65,0.01,0.00,4630613.35,53.34,11.98,0.01,0.00,5271331.87,60.73,44.68,0.78,0.42,2146047.03,24.72,16.23,0.01,0.00
1440,128,4,6376927.61,73.46,17.62,0.01,0.00,4684342.54,53.96,12.23,0.01,0.00,5290675.80,60.95,45.13,0.62,0.26,1611179.39,18.56,16.19,0.01,0.00
1440,128,5,6362424.81,73.30,17.74,0.01,0.00,4701145.16,54.16,12.44,0.01,0.00,5169784.48,59.56,47.09,0.71,0.32,1289117.08,14.85,16.27,0.01,0.00
1440,128,6,6371049.95,73.39,17.64,0.01,0.00,5019361.76,57.82,13.33,0.01,0.00,5287586.18,60.91,41.86,0.57,0.22,1077033.95,12.41,16.09,0.01,0.00
1440,128,8,6375338.17,73.44,17.64,0.01,0.00,4985259.81,57.43,12.97,0.01,0.00,4014371.80,46.25,66.32,2.07,1.28,808810.99,9.32,16.03,0.01,0.00
1440,128,9,6371370.80,73.40,17.64,0.01,0.00,5008654.87,57.70,13.22,0.01,0.00,4263873.56,49.12,64.42,1.55,0.72,719055.52,8.28,16.09,0.01,0.00
1440,128,10,6378917.49,73.49,17.60,0.01,0.00,5053673.50,58.22,13.19,0.01,0.00,3818739.04,43.99,70.22,2.25,1.29,647214.66,7.46,16.03,0.01,0.00
1440,128,12,6381766.54,73.52,17.56,0.01,0.00,5101818.67,58.77,13.15,0.01,0.00,3572362.12,41.15,71.23,2.08,1.08,539308.05,6.21,16.06,0.01,0.00
1440,128,15,6377130.39,73.46,17.51,0.01,0.00,5119629.25,58.98,13.29,0.01,0.00,2328117.66,26.82,79.67,6.90,5.90,431668.91,4.97,16.04,0.01,0.00
1440,128,16,6375459.55,73.45,17.64,0.01,0.00,5119323.62,58.97,13.39,0.01,0.00,2289813.76,26.38,79.52,7.14,6.14,404135.59,4.66,16.12,0.01,0.00
1440,128,18,6373318.25,73.42,17.67,0.01,0.00,5143147.30,59.25,13.44,0.01,0.00,2198108.22,25.32,79.20,7.75,6.75,360292.94,4.15,15.95,0.01,0.00
1440,128,20,6378862.86,73.48,17.58,0.01,0.00,5125486.68,59.05,13.39,0.01,0.00,1974442.64,22.75,80.39,9.73,8.73,323731.74,3.73,16.05,0.01,0.00
1440,128,24,6372210.60,73.41,17.70,0.01,0.00,5132123.92,59.12,13.55,0.01,0.00,1440309.71,16.59,84.14,17.68,16.68,269776.88,3.11,16.09,0.01,0.00
