msg size,window size,sg pieces,base_ops,base_gbps,base_pp,base_pcq,base_ecq,cpu_gather_ops,cpu_gather_gpbs,cpu_gather_pp,cpu_gather_pcq,cpu_gather_ecq,nic_gather_ops,nic_gather_gbps,nic_gather_pp,nic_gather_pcq,nic_gather_ecq,piece_by_piece_ops,piece_by_piece_gbps,piece_by_piece_pp,piece_by_piece_pcq,piece_by_piece_ecq
720,128,1,6628725.35,38.18,18.20,0.01,0.00,4953497.09,28.53,13.35,0.01,0.00,7076485.45,40.76,16.45,0.01,0.00,6576203.82,37.88,17.86,0.01,0.00
720,128,2,6632515.61,38.20,18.09,0.01,0.00,5212314.51,30.02,14.03,0.01,0.00,6948038.17,40.02,16.11,0.01,0.00,3306290.49,19.04,17.50,0.01,0.00
720,128,3,6631866.24,38.20,18.13,0.01,0.00,5523281.86,31.81,14.71,0.01,0.00,6545614.69,37.70,15.38,0.01,0.00,2205607.42,12.70,17.51,0.01,0.00
720,128,4,6637465.31,38.23,18.02,0.01,0.00,5513116.23,31.76,14.68,0.01,0.00,6565022.04,37.81,15.48,0.01,0.00,1656205.12,9.54,17.40,0.01,0.00
720,128,5,6631320.56,38.20,18.11,0.01,0.00,5575064.41,32.11,14.88,0.01,0.00,6509333.72,37.49,15.58,0.01,0.00,1326990.32,7.64,17.21,0.01,0.00
720,128,6,6632695.63,38.20,18.09,0.01,0.00,5632440.29,32.44,15.04,0.01,0.00,6368327.67,36.68,15.24,0.01,0.00,1105536.88,6.37,17.22,0.01,0.00
720,128,8,6638245.08,38.24,18.04,0.01,0.00,5642584.95,32.50,15.05,0.01,0.00,4833077.37,27.84,48.30,0.76,0.30,829719.03,4.78,17.18,0.01,0.00
720,128,9,6636696.74,38.23,18.09,0.01,0.00,5671853.27,32.67,15.08,0.01,0.00,4622857.27,26.63,54.51,0.96,0.36,737458.40,4.25,17.22,0.01,0.00
720,128,10,6634538.62,38.21,18.04,0.01,0.00,5660050.24,32.60,15.07,0.01,0.00,4385033.29,25.26,61.64,1.28,0.44,663689.15,3.82,17.22,0.01,0.00
720,128,12,6633862.22,38.21,18.07,0.01,0.00,5681879.77,32.73,15.12,0.01,0.00,3699636.97,21.31,67.94,2.05,1.11,553463.90,3.19,17.13,0.01,0.00
720,128,15,6637870.54,38.23,18.06,0.01,0.00,5702285.60,32.85,15.27,0.01,0.00,2570145.26,14.80,76.76,4.75,3.75,442540.78,2.55,17.16,0.01,0.00
720,128,16,6628042.04,38.18,18.12,0.01,0.00,5689147.93,32.77,15.38,0.01,0.00,2485705.27,14.32,77.04,5.37,4.38,415103.51,2.39,17.12,0.01,0.00
720,128,18,6630935.23,38.19,18.12,0.01,0.00,5712192.16,32.90,15.31,0.01,0.00,2407366.47,13.87,76.41,5.73,4.74,369400.86,2.13,17.03,0.01,0.00
720,128,20,6628075.57,38.18,18.20,0.01,0.00,5702867.95,32.85,15.22,0.01,0.00,2209231.00,12.73,77.43,7.12,6.12,331652.47,1.91,17.23,0.01,0.00
720,128,24,6632553.81,38.20,18.08,0.01,0.00,5710546.62,32.89,15.37,0.01,0.00,1566371.88,9.02,82.39,15.07,14.07,276665.80,1.59,17.13,0.01,0.00
