msg size,window size,sg pieces,base_ops,base_gbps,base_pp,base_pcq,base_ecq,cpu_gather_ops,cpu_gather_gpbs,cpu_gather_pp,cpu_gather_pcq,cpu_gather_ecq,nic_gather_ops,nic_gather_gbps,nic_gather_pp,nic_gather_pcq,nic_gather_ecq,piece_by_piece_ops,piece_by_piece_gbps,piece_by_piece_pp,piece_by_piece_pcq,piece_by_piece_ecq
720,128,1,7115525.74,40.99,16.49,0.01,0.00,5771283.01,33.24,13.48,0.01,0.00,7073566.14,40.74,16.47,0.01,0.00,7033872.32,40.52,16.30,0.01,0.00
720,128,2,7111871.58,40.96,16.50,0.01,0.00,5867573.76,33.80,13.71,0.01,0.00,6955712.46,40.06,16.19,0.01,0.00,3532237.55,20.35,16.29,0.01,0.00
720,128,3,7114973.22,40.98,16.50,0.01,0.00,5874870.86,33.84,13.63,0.01,0.00,6540633.60,37.67,15.44,0.01,0.00,2358722.98,13.59,16.29,0.01,0.00
720,128,4,7113852.82,40.98,16.48,0.01,0.00,5858829.66,33.75,13.66,0.01,0.00,6563964.26,37.81,15.41,0.01,0.00,1771277.13,10.20,16.25,0.01,0.00
720,128,5,7109201.91,40.95,16.57,0.01,0.00,5942961.38,34.23,13.70,0.01,0.00,6513644.09,37.52,15.44,0.01,0.00,1417104.88,8.16,16.27,0.01,0.00
720,128,6,7104043.63,40.92,16.61,0.01,0.00,6008902.06,34.61,13.93,0.01,0.00,6358137.33,36.62,15.30,0.01,0.00,1181126.85,6.80,16.28,0.01,0.00
720,128,8,7106749.96,40.93,16.58,0.01,0.00,6042994.59,34.81,13.92,0.01,0.00,4817888.21,27.75,48.64,0.78,0.31,885971.49,5.10,16.29,0.01,0.00
720,128,9,7111973.99,40.96,16.53,0.01,0.00,6047403.23,34.83,13.94,0.01,0.00,4658739.43,26.83,53.82,0.93,0.34,788182.86,4.54,16.25,0.01,0.00
720,128,10,7107760.85,40.94,16.56,0.01,0.00,6048471.40,34.84,13.91,0.01,0.00,4404184.25,25.37,61.08,1.26,0.44,709472.31,4.09,16.25,0.01,0.00
720,128,12,7107587.46,40.94,16.60,0.01,0.00,6068096.71,34.95,13.99,0.01,0.00,3711552.95,21.38,67.83,1.98,1.04,591554.24,3.41,16.20,0.01,0.00
720,128,15,7111744.83,40.96,16.50,0.01,0.00,6110889.96,35.20,14.19,0.01,0.00,2477407.33,14.27,77.57,5.57,4.58,473107.56,2.73,16.23,0.01,0.00
720,128,16,7115825.79,40.99,16.46,0.01,0.00,6091776.44,35.09,14.19,0.01,0.00,2405538.17,13.86,77.80,6.11,5.12,443404.51,2.55,16.25,0.01,0.00
720,128,18,7110596.73,40.96,16.53,0.01,0.00,6100091.88,35.14,14.13,0.01,0.00,2393365.52,13.79,76.55,5.88,4.88,394297.10,2.27,16.23,0.01,0.00
720,128,20,7111254.08,40.96,16.50,0.01,0.00,6088291.18,35.07,14.12,0.01,0.00,2253240.48,12.98,76.77,6.78,5.78,354842.20,2.04,16.24,0.01,0.00
720,128,24,7105157.20,40.93,16.64,0.01,0.00,6137796.69,35.35,14.19,0.01,0.00,1542886.33,8.89,82.48,15.48,14.48,295654.35,1.70,16.25,0.01,0.00
