msg size,window size,sg pieces,base_ops,base_gbps,base_pp,base_pcq,base_ecq,cpu_gather_ops,cpu_gather_gpbs,cpu_gather_pp,cpu_gather_pcq,cpu_gather_ecq,nic_gather_ops,nic_gather_gbps,nic_gather_pp,nic_gather_pcq,nic_gather_ecq,piece_by_piece_ops,piece_by_piece_gbps,piece_by_piece_pp,piece_by_piece_pcq,piece_by_piece_ecq
1440,128,1,6893917.53,79.42,17.70,0.02,0.00,4173754.80,48.08,10.79,0.01,0.00,6075313.05,69.99,33.00,0.60,0.45,6829496.46,78.68,17.24,0.01,0.00
1440,128,2,6897848.80,79.46,17.64,0.02,0.00,5143137.89,59.25,13.21,0.01,0.00,5951461.98,68.56,34.97,0.40,0.20,3420337.66,39.40,17.40,0.01,0.00
1440,128,3,6901047.80,79.50,17.51,0.01,0.00,5247340.39,60.45,13.42,0.01,0.00,5509308.46,63.47,38.84,0.42,0.14,2277999.53,26.24,17.63,0.01,0.00
1440,128,4,6899784.47,79.49,17.58,0.02,0.00,5338276.99,61.50,13.66,0.01,0.00,5148074.77,59.31,48.75,0.72,0.31,1709015.64,19.69,17.67,0.01,0.00
1440,128,5,6901470.42,79.50,17.61,0.02,0.00,5314975.00,61.23,13.71,0.01,0.00,5454005.97,62.83,39.28,0.47,0.17,1367866.59,15.76,17.69,0.01,0.00
1440,128,6,6893501.85,79.41,17.76,0.02,0.00,5713606.11,65.82,14.40,0.01,0.00,5442534.69,62.70,37.61,0.44,0.15,1139637.10,13.13,17.71,0.01,0.00
1440,128,8,6895283.43,79.43,17.61,0.02,0.00,5629424.65,64.85,14.27,0.01,0.00,3953821.13,45.55,65.74,2.08,1.30,854995.48,9.85,17.75,0.01,0.00
1440,128,9,6899282.53,79.48,17.55,0.01,0.00,5673403.79,65.36,14.36,0.01,0.00,3994537.90,46.02,67.27,2.00,1.12,759703.39,8.75,17.76,0.01,0.00
1440,128,10,6893309.37,79.41,17.68,0.02,0.00,5738942.80,66.11,14.56,0.01,0.00,3785058.24,43.60,70.46,2.38,1.43,683713.51,7.88,17.80,0.01,0.00
1440,128,12,6897097.23,79.45,17.60,0.01,0.00,5789256.84,66.69,14.63,0.01,0.00,3343785.89,38.52,73.52,2.54,1.55,569743.63,6.56,17.80,0.01,0.00
1440,128,15,6896456.00,79.45,17.69,0.02,0.00,5798319.17,66.80,14.67,0.01,0.00,2399937.81,27.65,79.06,6.24,5.25,455569.49,5.25,17.84,0.01,0.00
1440,128,16,6893427.87,79.41,17.74,0.02,0.00,5785280.88,66.65,14.63,0.01,0.00,2370747.09,27.31,78.85,6.37,5.38,427074.70,4.92,17.84,0.01,0.00
1440,128,18,6897994.55,79.46,17.61,0.02,0.00,5836902.99,67.24,14.80,0.01,0.00,2292917.10,26.41,78.29,6.92,5.92,380084.42,4.38,17.79,0.01,0.00
1440,128,20,6893622.76,79.41,17.67,0.02,0.00,5795582.43,66.77,14.64,0.01,0.00,2140148.57,24.65,78.64,7.86,6.87,341925.69,3.94,17.82,0.01,0.00
1440,128,24,6869685.29,79.14,18.17,0.02,0.00,5823002.28,67.08,14.69,0.01,0.00,1482489.57,17.08,83.69,16.81,15.81,284749.17,3.28,17.86,0.01,0.00
