msg size,window size,sg pieces,base_ops,base_gbps,base_pp,base_pcq,base_ecq,cpu_gather_ops,cpu_gather_gpbs,cpu_gather_pp,cpu_gather_pcq,cpu_gather_ecq,nic_gather_ops,nic_gather_gbps,nic_gather_pp,nic_gather_pcq,nic_gather_ecq,piece_by_piece_ops,piece_by_piece_gbps,piece_by_piece_pp,piece_by_piece_pcq,piece_by_piece_ecq
1440,128,1,6650935.45,76.62,17.89,0.01,0.00,3948320.87,45.48,11.04,0.01,0.00,6618953.88,76.25,24.29,0.10,0.01,6590817.78,75.93,17.62,0.01,0.00
1440,128,2,6650844.66,76.62,17.84,0.01,0.00,4759334.31,54.83,13.58,0.01,0.00,6684516.67,77.01,20.59,0.05,0.00,3285055.00,37.84,17.93,0.01,0.00
1440,128,3,6655669.63,76.67,17.85,0.01,0.00,4971452.96,57.27,14.00,0.01,0.00,5157071.73,59.41,48.59,0.72,0.32,2198393.40,25.33,17.63,0.01,0.00
1440,128,4,6653278.40,76.65,17.84,0.01,0.00,4995968.17,57.55,14.05,0.01,0.00,5622589.81,64.77,36.09,0.37,0.12,1649852.25,19.01,17.60,0.01,0.00
1440,128,5,6654903.25,76.66,17.86,0.01,0.00,4988828.53,57.47,14.04,0.01,0.00,5178574.06,59.66,45.87,0.84,0.45,1322610.79,15.24,17.51,0.01,0.00
1440,128,6,6647432.84,76.58,17.90,0.01,0.00,5356240.95,61.70,14.89,0.01,0.00,5308162.32,61.15,41.06,0.55,0.21,1101965.28,12.69,17.48,0.01,0.00
1440,128,8,6648019.55,76.59,17.89,0.01,0.00,5325445.39,61.35,14.79,0.01,0.00,3798492.72,43.76,69.58,2.68,1.84,827027.03,9.53,17.45,0.01,0.00
1440,128,9,6652404.26,76.64,17.87,0.01,0.00,5368103.87,61.84,14.83,0.01,0.00,4139638.99,47.69,65.88,1.79,0.95,735433.11,8.47,17.40,0.01,0.00
1440,128,10,6649663.36,76.60,17.89,0.01,0.00,5406130.78,62.28,14.94,0.01,0.00,3819631.78,44.00,70.22,2.26,1.31,661961.86,7.63,17.41,0.01,0.00
1440,128,12,6649514.42,76.60,17.87,0.01,0.00,5453631.77,62.83,15.06,0.01,0.00,3661392.34,42.18,70.93,1.90,0.91,551510.52,6.35,17.43,0.01,0.00
1440,128,15,6652115.46,76.63,17.88,0.01,0.00,5461665.48,62.92,15.13,0.01,0.00,2351711.73,27.09,79.51,6.64,5.64,441658.97,5.09,17.28,0.01,0.00
1440,128,16,6648998.41,76.60,17.89,0.01,0.00,5470458.09,63.02,15.09,0.01,0.00,2296395.61,26.45,79.27,7.01,6.01,413783.68,4.77,17.39,0.01,0.00
1440,128,18,6649859.44,76.61,17.88,0.01,0.00,5508629.22,63.46,15.17,0.01,0.00,2238640.06,25.79,78.60,7.38,6.38,368209.59,4.24,17.27,0.01,0.00
1440,128,20,6648025.37,76.59,17.90,0.01,0.00,5502209.36,63.39,15.14,0.01,0.00,2072474.97,23.87,79.27,8.61,7.61,331636.08,3.82,17.19,0.01,0.00
1440,128,24,6649713.98,76.60,17.86,0.01,0.00,5504630.44,63.41,15.17,0.01,0.00,1431402.12,16.49,84.23,17.88,16.88,276235.13,3.18,17.21,0.01,0.00
