msg size,window size,sg pieces,base_ops,base_gbps,base_pp,base_pcq,base_ecq,cpu_gather_ops,cpu_gather_gpbs,cpu_gather_pp,cpu_gather_pcq,cpu_gather_ecq,nic_gather_ops,nic_gather_gbps,nic_gather_pp,nic_gather_pcq,nic_gather_ecq,piece_by_piece_ops,piece_by_piece_gbps,piece_by_piece_pp,piece_by_piece_pcq,piece_by_piece_ecq
1440,128,1,6548432.25,75.44,26.23,0.13,0.03,4418247.61,50.90,10.49,0.01,0.00,6701568.20,77.20,22.73,0.08,0.01,6696871.00,77.15,21.68,0.06,0.00
1440,128,2,6699129.31,77.17,23.50,0.08,0.00,5258795.40,60.58,12.37,0.01,0.00,6852379.02,78.94,16.99,0.02,0.00,3516302.37,40.51,16.33,0.01,0.00
1440,128,3,6707499.37,77.27,23.34,0.08,0.00,5408309.48,62.30,12.73,0.01,0.00,5222170.27,60.16,48.49,0.64,0.22,2350302.08,27.08,16.36,0.01,0.00
1440,128,4,6304345.98,72.63,30.89,0.27,0.13,5513343.96,63.51,12.94,0.01,0.00,5860144.08,67.51,30.16,0.22,0.04,1766780.29,20.35,16.32,0.01,0.00
1440,128,5,6691866.32,77.09,23.60,0.08,0.00,5546788.55,63.90,13.03,0.01,0.00,5533582.74,63.75,37.45,0.42,0.15,1415216.11,16.30,16.31,0.01,0.00
1440,128,6,6615837.88,76.21,25.11,0.11,0.02,5841515.16,67.29,13.66,0.01,0.00,5505841.30,63.43,35.59,0.39,0.12,1179705.50,13.59,16.25,0.01,0.00
1440,128,8,6692721.93,77.10,23.63,0.08,0.00,5791378.23,66.72,13.57,0.01,0.00,4165998.73,47.99,65.22,1.75,0.95,885505.34,10.20,16.25,0.01,0.00
1440,128,9,6664926.19,76.78,24.00,0.09,0.01,5808953.07,66.92,13.53,0.01,0.00,4178592.70,48.14,66.26,1.73,0.87,787527.11,9.07,16.25,0.01,0.00
1440,128,10,6684419.66,77.00,23.69,0.08,0.00,5882026.05,67.76,13.84,0.01,0.00,4280997.33,49.32,66.70,1.39,0.43,709009.60,8.17,16.26,0.01,0.00
1440,128,12,6706353.18,77.26,23.36,0.08,0.00,5939129.69,68.42,14.00,0.01,0.00,3528216.83,40.65,71.86,2.02,1.03,591155.37,6.81,16.26,0.01,0.00
1440,128,15,6474629.17,74.59,27.86,0.17,0.05,5965759.52,68.73,14.07,0.01,0.00,2498351.73,28.78,78.20,5.36,4.36,472980.55,5.45,16.26,0.01,0.00
1440,128,16,6689842.48,77.07,23.67,0.08,0.00,5938719.40,68.41,14.20,0.01,0.00,2422980.38,27.91,78.25,5.89,4.90,443282.44,5.11,16.24,0.01,0.00
1440,128,18,6433153.62,74.11,28.51,0.20,0.08,5964845.31,68.72,14.26,0.01,0.00,2316386.08,26.68,78.04,6.68,5.68,394205.84,4.54,16.25,0.01,0.00
1440,128,20,6488366.36,74.75,27.47,0.16,0.05,5937275.82,68.40,14.23,0.01,0.00,2116702.62,24.38,78.87,8.10,7.10,354806.52,4.09,16.25,0.01,0.00
1440,128,24,6524738.81,75.16,26.78,0.14,0.04,5973424.94,68.81,14.31,0.01,0.00,1480630.26,17.06,83.68,16.81,15.81,295678.24,3.41,16.27,0.01,0.00
