msg size,window size,sg pieces,base_ops,base_gbps,base_pp,base_pcq,base_ecq,cpu_gather_ops,cpu_gather_gpbs,cpu_gather_pp,cpu_gather_pcq,cpu_gather_ecq,nic_gather_ops,nic_gather_gbps,nic_gather_pp,nic_gather_pcq,nic_gather_ecq,piece_by_piece_ops,piece_by_piece_gbps,piece_by_piece_pp,piece_by_piece_pcq,piece_by_piece_ecq
720,128,1,6903009.40,39.76,17.59,0.01,0.00,5161679.55,29.73,13.36,0.01,0.00,7077386.33,40.77,16.44,0.01,0.00,6836721.05,39.38,17.38,0.01,0.00
720,128,2,6901489.71,39.75,17.65,0.01,0.00,5391192.30,31.05,13.90,0.01,0.00,6950467.45,40.03,16.09,0.01,0.00,3416968.16,19.68,17.63,0.01,0.00
720,128,3,6899143.34,39.74,17.60,0.01,0.00,5734044.59,33.03,14.66,0.01,0.00,6547292.93,37.71,15.38,0.01,0.00,2275712.95,13.11,17.74,0.01,0.00
720,128,4,6913093.66,39.82,17.61,0.01,0.00,5710046.98,32.89,14.63,0.01,0.00,6507319.99,37.48,16.31,0.02,0.00,1708263.77,9.84,17.73,0.01,0.00
720,128,5,6897345.33,39.73,17.65,0.01,0.00,5774322.67,33.26,14.79,0.01,0.00,6518389.25,37.55,15.41,0.01,0.00,1366907.26,7.87,17.77,0.01,0.00
720,128,6,6900367.26,39.75,17.65,0.01,0.00,5832588.52,33.60,14.93,0.01,0.00,6351351.92,36.58,15.47,0.01,0.00,1138310.31,6.56,17.81,0.01,0.00
720,128,8,6903531.19,39.76,17.63,0.01,0.00,5868621.71,33.80,15.03,0.01,0.00,4771708.04,27.49,49.91,0.83,0.34,853244.49,4.91,17.80,0.01,0.00
720,128,9,6898215.61,39.73,17.59,0.01,0.00,5898880.52,33.98,15.10,0.01,0.00,4606895.36,26.54,55.59,0.99,0.37,758889.88,4.37,17.83,0.01,0.00
720,128,10,6903146.93,39.76,17.63,0.01,0.00,5873407.21,33.83,15.04,0.01,0.00,4401653.09,25.35,60.41,1.22,0.41,682842.62,3.93,17.84,0.01,0.00
720,128,12,6906688.97,39.78,17.65,0.01,0.00,5900053.10,33.98,15.14,0.01,0.00,3748836.34,21.59,68.73,1.97,1.04,569407.19,3.28,17.79,0.01,0.00
720,128,15,6902389.98,39.76,17.62,0.01,0.00,5944240.40,34.24,15.26,0.01,0.00,2467027.12,14.21,78.46,5.82,4.83,454326.00,2.62,17.95,0.01,0.00
720,128,16,6915167.44,39.83,17.57,0.01,0.00,5929880.73,34.16,15.19,0.01,0.00,2476118.05,14.26,77.96,5.60,4.60,426833.59,2.46,17.86,0.01,0.00
720,128,18,6915073.62,39.83,17.59,0.01,0.00,5953510.79,34.29,15.23,0.01,0.00,2415291.21,13.91,77.18,5.81,4.81,379411.09,2.19,17.86,0.01,0.00
720,128,20,6901440.87,39.75,17.64,0.01,0.00,5936470.34,34.19,15.17,0.01,0.00,2266162.93,13.05,77.45,6.67,5.68,341520.13,1.97,17.85,0.01,0.00
720,128,24,6910489.13,39.80,17.63,0.01,0.00,5961889.50,34.34,15.23,0.01,0.00,1578783.40,9.09,82.68,14.93,13.93,284477.71,1.64,17.89,0.01,0.00
