msg size,window size,sg pieces,base_ops,base_gbps,base_pp,base_pcq,base_ecq,cpu_gather_ops,cpu_gather_gpbs,cpu_gather_pp,cpu_gather_pcq,cpu_gather_ecq,nic_gather_ops,nic_gather_gbps,nic_gather_pp,nic_gather_pcq,nic_gather_ecq,piece_by_piece_ops,piece_by_piece_gbps,piece_by_piece_pp,piece_by_piece_pcq,piece_by_piece_ecq
720,128,1,6448208.34,37.14,16.67,0.01,0.00,4778114.77,27.52,12.32,0.01,0.00,7078459.39,40.77,16.43,0.01,0.00,6411786.73,36.93,16.29,0.01,0.00
720,128,2,6464957.66,37.24,16.52,0.01,0.00,4921186.32,28.35,12.62,0.01,0.00,6950877.18,40.04,16.10,0.01,0.00,3221062.48,18.55,16.17,0.01,0.00
720,128,3,6444871.35,37.12,16.72,0.01,0.00,5198276.56,29.94,13.60,0.01,0.00,6540967.87,37.68,15.39,0.01,0.00,2144348.75,12.35,16.39,0.01,0.00
720,128,4,6450225.01,37.15,16.70,0.01,0.00,5132373.03,29.56,12.98,0.01,0.00,6534615.73,37.64,15.89,0.01,0.00,1620022.43,9.33,15.85,0.01,0.00
720,128,5,6444956.67,37.12,16.75,0.01,0.00,5205922.43,29.99,13.28,0.01,0.00,6514160.05,37.52,15.45,0.01,0.00,1293722.35,7.45,16.05,0.01,0.00
720,128,6,6454799.22,37.18,16.66,0.01,0.00,5255508.82,30.27,13.56,0.01,0.00,6357337.77,36.62,15.25,0.01,0.00,1077510.36,6.21,16.09,0.01,0.00
720,128,8,6456342.30,37.19,16.63,0.01,0.00,5226381.59,30.10,13.31,0.01,0.00,4832507.91,27.84,48.90,0.79,0.31,808663.49,4.66,16.06,0.01,0.00
720,128,9,6448021.80,37.14,16.74,0.01,0.00,5264796.45,30.33,13.20,0.01,0.00,4551683.67,26.22,56.06,1.04,0.42,719710.67,4.15,16.02,0.01,0.00
720,128,10,6450980.74,37.16,16.75,0.01,0.00,5252837.91,30.26,13.17,0.01,0.00,4401662.97,25.35,63.38,1.31,0.44,647286.39,3.73,16.02,0.01,0.00
720,128,12,6442172.06,37.11,16.79,0.01,0.00,5269402.60,30.35,13.46,0.01,0.00,3641517.25,20.98,70.08,2.17,1.22,539980.62,3.11,15.93,0.01,0.00
720,128,15,6463759.36,37.23,16.48,0.01,0.00,5288995.48,30.46,13.26,0.01,0.00,2565461.38,14.78,77.77,4.87,3.87,432195.67,2.49,15.90,0.01,0.00
720,128,16,6468312.65,37.26,16.47,0.01,0.00,5273635.78,30.38,13.41,0.01,0.00,2412170.71,13.89,78.58,6.18,5.19,404257.10,2.33,16.12,0.01,0.00
720,128,18,6460173.90,37.21,16.57,0.01,0.00,5291367.87,30.48,13.56,0.01,0.00,2337876.49,13.47,77.92,6.59,5.59,360061.36,2.07,15.98,0.01,0.00
720,128,20,6468076.89,37.26,16.46,0.01,0.00,5265315.75,30.33,13.30,0.01,0.00,2244887.92,12.93,77.68,6.93,5.94,323746.44,1.86,16.05,0.01,0.00
720,128,24,6466482.43,37.25,16.48,0.01,0.00,5318774.66,30.64,13.29,0.01,0.00,1569732.76,9.04,82.77,15.14,14.14,270594.04,1.56,15.82,0.01,0.00
