msg size,window size,mbufs,write_ops,write_gbps,read_ops,read_gbps,write_pp,write_pcq,write_ecq
2048,1,1,378734.28,6.21,374407.17,6.13,98.05,109.04,108.04
2048,2,1,766774.47,12.56,755919.29,12.38,96.01,48.25,47.25
2048,4,1,1288707.62,21.11,1441959.48,23.63,93.29,24.26,23.26
2048,8,1,2367407.22,38.79,2358559.58,38.64,87.68,9.90,8.90
2048,16,1,3956483.95,64.82,3614672.78,59.22,79.17,3.48,2.49
2048,32,1,4952230.09,81.14,0.00,0.00,72.19,1.66,0.71
2048,64,1,5370131.55,87.98,0.00,0.00,64.67,1.04,0.23
2048,128,1,5541606.74,90.79,0.00,0.00,57.64,0.71,0.05
2048,256,1,5273603.79,86.40,0.00,0.00,67.84,1.29,0.42
