msg size,window size,sg pieces,base_ops,base_gbps,base_pp,base_pcq,base_ecq,cpu_gather_ops,cpu_gather_gpbs,cpu_gather_pp,cpu_gather_pcq,cpu_gather_ecq,nic_gather_ops,nic_gather_gbps,nic_gather_pp,nic_gather_pcq,nic_gather_ecq,piece_by_piece_ops,piece_by_piece_gbps,piece_by_piece_pp,piece_by_piece_pcq,piece_by_piece_ecq
720,16,1,4814201.58,27.73,58.75,1.00,0.51,4458236.03,25.68,46.68,0.63,0.11,4885200.83,28.14,57.70,0.82,0.34,4843909.77,27.90,58.72,0.97,0.45
720,16,2,4840332.14,27.88,57.85,0.88,0.41,4704631.88,27.10,40.78,0.41,0.01,4759381.26,27.41,56.65,0.99,0.52,2606308.73,15.01,52.57,0.56,0.14
720,16,3,4865909.44,28.03,58.25,0.89,0.40,4729225.15,27.24,43.77,0.45,0.03,4496958.54,25.90,50.12,0.70,0.27,1752954.54,10.10,52.45,0.61,0.17
720,16,4,4717321.09,27.17,59.37,1.21,0.72,4763846.60,27.44,43.29,0.44,0.02,4423921.30,25.48,51.03,0.77,0.34,1318461.79,7.59,52.81,0.58,0.14
720,16,5,4869978.11,28.05,57.87,0.85,0.36,4710304.50,27.13,43.09,0.45,0.03,4398277.00,25.33,50.44,0.75,0.31,1057830.10,6.09,52.63,0.59,0.15
720,16,6,4806078.66,27.68,58.90,1.01,0.52,4746775.36,27.34,45.65,0.49,0.05,4301330.88,24.78,48.50,0.71,0.29,880882.35,5.07,52.61,0.61,0.17
720,16,8,4865955.10,28.03,58.93,0.87,0.36,4762186.78,27.43,45.86,0.50,0.05,3874511.29,22.32,57.86,1.63,1.00,664349.71,3.83,52.38,0.59,0.14
720,16,9,4806642.33,27.69,58.95,1.00,0.50,4753949.82,27.38,46.71,0.49,0.05,3741952.84,21.55,59.91,2.12,1.46,589048.31,3.39,52.50,0.59,0.15
720,16,10,4867206.95,28.04,58.43,0.88,0.39,4758834.39,27.41,46.80,0.48,0.03,3641263.11,20.97,65.17,2.44,1.60,530611.50,3.06,52.55,0.59,0.15
720,16,12,4846941.38,27.92,58.63,0.92,0.43,4796326.61,27.63,46.60,0.51,0.06,3155117.40,18.17,70.15,3.56,2.56,441924.77,2.55,52.49,0.60,0.16
720,16,15,4826236.62,27.80,58.52,0.99,0.51,4782405.34,27.55,47.68,0.52,0.05,2274083.17,13.10,80.11,7.43,6.44,355377.61,2.05,52.68,0.58,0.13
720,16,16,4854769.57,27.96,58.47,0.91,0.42,4806843.55,27.69,46.57,0.48,0.04,2192722.41,12.63,80.22,8.02,7.02,328746.14,1.89,53.12,0.63,0.18
720,16,18,4895584.61,28.20,58.80,0.88,0.38,4804464.41,27.67,47.93,0.53,0.06,2043767.80,11.77,80.48,9.40,8.40,295977.77,1.70,52.35,0.57,0.13
720,16,20,4798492.96,27.64,58.76,1.07,0.58,4754197.61,27.38,47.37,0.53,0.08,1912806.79,11.02,80.65,10.47,9.47,266269.32,1.53,52.22,0.57,0.14
720,16,24,4670526.77,26.90,59.63,1.31,0.83,4732104.19,27.26,47.88,0.62,0.18,1475317.80,8.50,83.61,16.96,15.96,222348.33,1.28,52.11,0.57,0.13
