msg size,window size,mbufs,write_ops,write_gbps,read_ops,read_gbps,write_pp,write_pcq,write_ecq
1024,1,1,410266.14,3.36,402990.32,3.30,97.90,99.85,98.85
1024,2,1,821039.36,6.73,803492.75,6.58,95.75,44.37,43.37
1024,4,1,1550674.89,12.70,1580328.63,12.95,91.98,18.33,17.33
1024,8,1,2577240.32,21.11,2759614.39,22.61,80.86,7.67,6.98
1024,16,1,4541681.85,37.21,4809623.30,39.40,58.81,1.13,0.69
1024,32,1,6345719.31,51.98,0.00,0.00,24.93,0.08,0.00
1024,64,1,6741356.81,55.23,0.00,0.00,17.57,0.02,0.00
1024,128,1,6856591.92,56.17,0.00,0.00,15.44,0.01,0.00
1024,256,1,6908299.15,56.59,0.00,0.00,14.44,0.00,0.00
