msg size,window size,mbufs,write_ops,write_gbps,read_ops,read_gbps,write_pp,write_pcq,write_ecq
64,1,1,444110.51,0.23,441589.19,0.23,97.71,91.36,90.36
64,2,1,894468.86,0.46,874505.34,0.45,95.36,39.79,38.79
64,4,1,1730880.16,0.89,1659556.92,0.85,91.04,15.27,14.27
64,8,1,2879699.00,1.47,3020460.51,1.55,83.14,5.11,4.21
64,16,1,5322083.32,2.72,5349507.91,2.74,52.26,0.58,0.14
64,32,1,6756946.49,3.46,0.00,0.00,20.13,0.06,0.00
64,64,1,6905870.28,3.54,0.00,0.00,16.42,0.02,0.00
64,128,1,6974131.72,3.57,0.00,0.00,15.08,0.01,0.00
64,256,1,6986440.72,3.58,0.00,0.00,14.57,0.00,0.00
