msg size,window size,sg pieces,base_ops,base_gbps,base_pp,base_pcq,base_ecq,cpu_gather_ops,cpu_gather_gpbs,cpu_gather_pp,cpu_gather_pcq,cpu_gather_ecq,nic_gather_ops,nic_gather_gbps,nic_gather_pp,nic_gather_pcq,nic_gather_ecq,piece_by_piece_ops,piece_by_piece_gbps,piece_by_piece_pp,piece_by_piece_pcq,piece_by_piece_ecq
720,64,1,6873749.24,39.59,17.25,0.02,0.00,5619807.71,32.37,13.95,0.02,0.00,6874030.35,39.59,17.05,0.02,0.00,6811529.26,39.23,16.89,0.02,0.00
720,64,2,6879207.47,39.62,17.16,0.02,0.00,5704748.38,32.86,14.02,0.02,0.00,6761561.52,38.95,16.80,0.02,0.00,3420426.15,19.70,16.82,0.02,0.00
720,64,3,6888966.94,39.68,17.21,0.02,0.00,5742395.61,33.08,14.07,0.02,0.00,5802274.83,33.42,14.52,0.02,0.00,2292064.62,13.20,16.56,0.02,0.00
720,64,4,6878436.01,39.62,17.15,0.02,0.00,5713716.10,32.91,13.96,0.02,0.00,5868552.31,33.80,14.73,0.02,0.00,1718176.88,9.90,16.61,0.02,0.00
720,64,5,6888904.47,39.68,17.16,0.02,0.00,5816855.35,33.51,14.03,0.02,0.00,5816639.72,33.50,14.57,0.02,0.00,1376671.77,7.93,16.54,0.02,0.00
720,64,6,6862606.40,39.53,17.32,0.02,0.00,5873878.88,33.83,14.33,0.02,0.00,5698035.67,32.82,14.52,0.02,0.00,1147483.63,6.61,16.53,0.02,0.00
720,64,8,6884478.79,39.65,17.10,0.02,0.00,5913457.93,34.06,14.39,0.02,0.00,5274917.26,30.38,14.14,0.03,0.00,861796.92,4.96,16.48,0.02,0.00
720,64,9,6885186.21,39.66,17.10,0.02,0.00,5962083.43,34.34,14.49,0.02,0.00,5045492.07,29.06,20.80,0.12,0.00,766785.50,4.42,16.41,0.02,0.00
720,64,10,6871507.76,39.58,17.24,0.02,0.00,5930550.46,34.16,14.43,0.02,0.00,4567905.16,26.31,37.86,0.47,0.08,690207.94,3.98,16.41,0.02,0.00
720,64,12,6875603.79,39.60,17.17,0.02,0.00,5973583.41,34.41,14.55,0.02,0.00,3837726.95,22.11,56.12,1.20,0.42,574457.89,3.31,16.52,0.02,0.00
720,64,15,6882130.19,39.64,17.12,0.02,0.00,5979258.83,34.44,14.59,0.02,0.00,2484555.06,14.31,77.88,5.65,4.66,459357.31,2.65,16.59,0.02,0.00
720,64,16,6883880.70,39.65,17.16,0.02,0.00,5977473.36,34.43,14.65,0.02,0.00,2436392.96,14.03,77.66,5.90,4.90,431020.26,2.48,16.50,0.02,0.00
720,64,18,6875959.26,39.61,17.18,0.02,0.00,5984312.26,34.47,14.68,0.02,0.00,2378453.79,13.70,77.06,6.05,5.05,383113.53,2.21,16.50,0.02,0.00
720,64,20,6887358.56,39.67,17.09,0.02,0.00,5995336.67,34.53,14.63,0.02,0.00,2102244.22,12.11,78.54,8.28,7.28,344778.62,1.99,16.49,0.02,0.00
720,64,24,6887996.90,39.67,17.08,0.02,0.00,6034415.06,34.76,14.82,0.02,0.00,1543434.83,8.89,82.38,15.44,14.44,287181.31,1.65,16.50,0.02,0.00
