msg size,window size,sg pieces,base_ops,base_gbps,base_pp,base_pcq,base_ecq,cpu_gather_ops,cpu_gather_gpbs,cpu_gather_pp,cpu_gather_pcq,cpu_gather_ecq,nic_gather_ops,nic_gather_gbps,nic_gather_pp,nic_gather_pcq,nic_gather_ecq,piece_by_piece_ops,piece_by_piece_gbps,piece_by_piece_pp,piece_by_piece_pcq,piece_by_piece_ecq
1440,64,1,6778618.15,78.09,18.09,0.03,0.00,4749359.58,54.71,12.05,0.02,0.00,6761855.44,77.90,18.05,0.03,0.00,6682463.66,76.98,18.30,0.04,0.00
1440,64,2,6774797.72,78.05,18.20,0.03,0.00,5167344.90,59.53,12.66,0.02,0.00,6627405.68,76.35,18.35,0.04,0.00,3403811.43,39.21,16.95,0.02,0.00
1440,64,3,6784857.73,78.16,18.00,0.03,0.00,5272417.00,60.74,12.85,0.02,0.00,5761610.74,66.37,14.69,0.03,0.00,2281189.81,26.28,16.66,0.02,0.00
1440,64,4,6743877.35,77.69,18.74,0.04,0.00,5357581.69,61.72,13.37,0.02,0.00,5778083.26,66.56,16.14,0.04,0.00,1710886.95,19.71,16.79,0.02,0.00
1440,64,5,6710565.38,77.31,19.50,0.05,0.00,5679713.11,65.43,14.33,0.02,0.00,5735063.53,66.07,15.49,0.03,0.00,1372632.87,15.81,16.68,0.02,0.00
1440,64,6,6776080.09,78.06,18.14,0.03,0.00,5670430.23,65.32,14.27,0.02,0.00,5613159.63,64.66,15.39,0.04,0.00,1144860.24,13.19,16.64,0.02,0.00
1440,64,8,6767939.06,77.97,18.36,0.03,0.00,5685181.09,65.49,14.42,0.02,0.00,5011689.99,57.73,20.90,0.12,0.00,857807.23,9.88,16.77,0.02,0.00
1440,64,9,6782647.62,78.14,17.97,0.03,0.00,5754875.27,66.30,14.40,0.02,0.00,4876932.78,56.18,25.87,0.21,0.00,764892.70,8.81,16.55,0.02,0.00
1440,64,10,6755934.50,77.83,18.74,0.04,0.00,5749553.63,66.23,14.59,0.02,0.00,4436601.62,51.11,42.43,0.64,0.17,687927.34,7.92,16.62,0.02,0.00
1440,64,12,6744080.54,77.69,18.80,0.04,0.00,5852511.30,67.42,14.47,0.02,0.00,3741613.24,43.10,63.78,1.41,0.42,573915.07,6.61,16.53,0.02,0.00
1440,64,15,6775572.11,78.05,18.23,0.03,0.00,5859138.61,67.50,14.79,0.02,0.00,2471521.26,28.47,77.96,5.60,4.61,459683.19,5.30,16.44,0.02,0.00
1440,64,16,6738938.43,77.63,18.91,0.04,0.00,5841086.36,67.29,14.64,0.02,0.00,2295645.27,26.45,78.90,7.03,6.03,430620.40,4.96,16.52,0.02,0.00
1440,64,18,6777102.15,78.07,18.16,0.03,0.00,5879350.29,67.73,14.67,0.02,0.00,2339939.07,26.96,77.42,6.42,5.42,383456.19,4.42,16.41,0.02,0.00
1440,64,20,6799051.17,78.33,17.81,0.03,0.00,5865388.63,67.57,14.63,0.02,0.00,2160289.51,24.89,77.87,7.64,6.65,344804.80,3.97,16.49,0.02,0.00
1440,64,24,6799381.29,78.33,17.80,0.03,0.00,5841777.46,67.30,14.62,0.02,0.00,1438598.70,16.57,83.80,17.69,16.69,287006.68,3.31,16.61,0.02,0.00
