msg size,window size,mbufs,write_ops,write_gbps,read_ops,read_gbps,write_pp,write_pcq,write_ecq
512,1,1,420052.78,1.72,419008.68,1.72,97.84,93.91,92.91
512,2,1,845940.45,3.46,836193.74,3.43,95.61,41.29,40.29
512,4,1,1606458.71,6.58,1600250.92,6.55,91.68,16.79,15.79
512,8,1,2823980.04,11.57,2858726.91,11.71,79.79,5.67,4.94
512,16,1,5104550.72,20.91,5110803.52,20.93,56.12,0.66,0.15
512,32,1,6675761.51,27.34,0.00,0.00,20.86,0.07,0.00
512,64,1,6845293.13,28.04,0.00,0.00,16.71,0.02,0.00
512,128,1,6920004.83,28.34,0.00,0.00,15.21,0.01,0.00
512,256,1,6949169.46,28.46,0.00,0.00,14.50,0.00,0.00
