msg size,window size,mbufs,write_ops,write_gbps,read_ops,read_gbps,write_pp,write_pcq,write_ecq
256,1,1,437177.05,0.90,429059.29,0.88,97.75,93.03,92.03
256,2,1,874285.68,1.79,854207.17,1.75,95.45,40.98,39.98
256,4,1,1624673.14,3.33,1617210.66,3.31,91.53,16.99,15.99
256,8,1,2874293.56,5.89,2870336.46,5.88,84.44,5.01,4.03
256,16,1,5217511.08,10.69,5235481.49,10.72,51.95,0.57,0.17
256,32,1,6772445.22,13.87,0.00,0.00,19.89,0.07,0.00
256,64,1,6894953.03,14.12,0.00,0.00,16.47,0.02,0.00
256,128,1,6950812.97,14.24,0.00,0.00,15.19,0.01,0.00
256,256,1,6961151.81,14.26,0.00,0.00,14.64,0.00,0.00
