msg size,window size,sg pieces,base_ops,base_gbps,base_pp,base_pcq,base_ecq,cpu_gather_ops,cpu_gather_gpbs,cpu_gather_pp,cpu_gather_pcq,cpu_gather_ecq,nic_gather_ops,nic_gather_gbps,nic_gather_pp,nic_gather_pcq,nic_gather_ecq,piece_by_piece_ops,piece_by_piece_gbps,piece_by_piece_pp,piece_by_piece_pcq,piece_by_piece_ecq
1440,16,1,4244147.99,48.89,67.71,2.22,1.59,3651111.28,42.06,44.36,1.15,0.63,4257673.72,49.05,68.21,2.09,1.42,4325389.35,49.83,66.36,1.94,1.31
1440,16,2,4216919.39,48.58,67.82,2.22,1.56,4142966.88,47.73,45.38,0.74,0.19,4223246.81,48.65,66.70,2.07,1.40,2445423.82,28.17,57.66,0.82,0.32
1440,16,3,4161973.25,47.95,68.98,2.41,1.75,4236986.59,48.81,46.43,0.72,0.17,3970261.02,45.74,62.23,1.85,1.24,1721401.85,19.83,54.73,0.64,0.17
1440,16,4,4320788.47,49.78,67.48,2.03,1.38,4141570.98,47.71,49.19,0.98,0.42,3912661.74,45.07,61.60,2.08,1.49,1299893.04,14.97,52.87,0.56,0.13
1440,16,5,4194223.30,48.32,68.25,2.17,1.52,4161820.96,47.94,49.46,0.95,0.38,3999151.83,46.07,61.15,1.77,1.15,1028652.59,11.85,52.58,0.60,0.19
1440,16,6,4211864.14,48.52,68.75,2.29,1.63,4285830.62,49.37,53.35,1.04,0.44,3882815.59,44.73,60.20,2.04,1.44,876152.82,10.09,52.39,0.60,0.17
1440,16,8,4247227.10,48.93,68.87,2.20,1.52,4306041.44,49.61,53.79,1.00,0.40,3673292.47,42.32,63.70,2.25,1.51,648990.94,7.48,53.78,0.66,0.21
1440,16,9,4326956.24,49.85,66.87,2.03,1.40,4285278.89,49.37,54.83,1.09,0.49,3555260.50,40.96,64.76,2.63,1.86,586095.89,6.75,52.07,0.61,0.17
1440,16,10,4321465.52,49.78,67.37,2.04,1.38,4177796.94,48.13,56.09,1.29,0.67,3466214.12,39.93,68.18,3.03,2.13,529057.39,6.09,52.37,0.60,0.16
1440,16,12,4216781.21,48.58,68.48,2.24,1.58,4284527.23,49.36,56.55,1.12,0.49,3021759.43,34.81,71.09,3.93,2.94,440255.60,5.07,52.59,0.60,0.16
1440,16,15,4293151.07,49.46,67.89,2.09,1.43,4202104.41,48.41,57.30,1.32,0.69,2199527.80,25.34,80.75,8.07,7.08,353268.29,4.07,52.70,0.61,0.16
1440,16,16,4257038.60,49.04,68.00,2.13,1.47,4184162.06,48.20,57.50,1.39,0.78,2118079.19,24.40,80.62,8.72,7.72,332239.93,3.83,53.09,0.59,0.14
1440,16,18,4289511.94,49.42,66.74,2.05,1.41,4282574.40,49.34,56.34,1.17,0.56,2023513.05,23.31,80.12,9.51,8.51,294318.91,3.39,52.52,0.58,0.15
1440,16,20,4306822.99,49.61,67.69,2.05,1.40,4229349.51,48.72,57.47,1.29,0.66,1863751.78,21.47,81.26,11.09,10.09,265147.44,3.05,52.72,0.60,0.16
1440,16,24,4243652.15,48.89,68.30,2.20,1.54,4227516.66,48.70,56.31,1.27,0.68,1416303.15,16.32,84.31,18.28,17.28,221287.45,2.55,52.37,0.58,0.14
