msg size,write,read
64,2.58,2.61
128,2.61,2.64
192,2.61,2.66
256,2.62,2.68
320,2.68,2.71
384,2.66,2.72
448,2.67,2.71
512,2.78,2.73
576,2.74,2.80
640,2.78,2.80
704,2.77,2.80
768,2.78,2.79
832,2.76,2.81
896,2.77,2.82
960,2.78,2.82
1024,2.79,2.84
1088,2.89,2.94
1152,2.85,2.96
1216,2.89,2.98
1280,2.87,2.98
1344,2.86,2.98
1408,2.86,2.99
1472,2.87,2.99
1536,2.99,2.99
1600,2.95,3.02
1664,2.92,2.99
1728,2.91,2.99
1792,2.99,3.00
1856,2.91,3.01
1920,2.93,3.02
1984,2.93,3.02
2048,2.93,3.03
2112,2.98,3.07
2176,3.08,3.13
2240,2.99,3.13
2304,2.99,3.11
2368,3.11,3.12
2432,3.03,3.13
2496,3.07,3.13
2560,3.02,3.13
2624,3.06,3.15
2688,3.03,3.15
2752,3.03,3.13
2816,3.07,3.19
2880,3.12,3.14
2944,3.13,3.15
3008,3.21,3.15
3072,3.04,3.17
3136,3.19,3.20
3200,3.27,3.22
3264,3.11,3.24
3328,3.19,3.26
3392,3.09,3.25
3456,3.31,3.29
3520,3.13,3.28
3584,3.14,3.29
3648,3.26,3.30
3712,3.19,3.30
3776,3.13,3.28
3840,3.14,3.28
3904,3.38,3.30
3968,3.39,3.33
4032,3.39,3.34
4096,3.40,3.31
