msg size,write,read
64,2.24,2.26
128,2.26,2.29
192,2.30,2.31
256,2.27,2.34
320,2.29,2.36
384,2.31,2.37
448,2.33,2.37
512,2.36,2.38
576,2.39,2.45
640,2.40,2.45
704,2.43,2.46
768,2.39,2.44
832,2.40,2.45
896,2.41,2.49
960,2.43,2.50
1024,2.52,2.52
1088,2.61,2.58
1152,2.56,2.61
1216,2.51,2.62
1280,2.59,2.63
1344,2.52,2.62
1408,2.52,2.64
1472,2.52,2.64
1536,2.62,2.65
1600,2.63,2.67
1664,2.56,2.66
1728,2.58,2.67
1792,2.64,2.67
1856,2.56,2.66
1920,2.57,2.67
1984,2.61,2.67
2048,2.60,2.69
2112,2.62,2.72
2176,2.73,2.78
2240,2.64,2.77
2304,2.63,2.77
2368,2.76,2.76
2432,2.68,2.77
2496,2.72,2.82
2560,2.68,2.77
2624,2.68,2.78
2688,2.67,2.79
2752,2.69,2.78
2816,2.68,2.83
2880,2.77,2.81
2944,2.83,2.80
3008,2.88,2.82
3072,2.71,2.82
3136,2.85,2.86
3200,2.89,2.87
3264,2.76,2.89
3328,2.85,2.91
3392,2.75,2.90
3456,2.94,2.92
3520,2.79,2.91
3584,2.77,2.94
3648,2.91,2.94
3712,2.82,2.93
3776,2.81,2.93
3840,2.78,2.92
3904,2.95,2.93
3968,2.96,2.98
4032,2.95,2.98
4096,2.97,2.96
