msg size,window size,sg pieces,base_ops,base_gbps,base_pp,base_pcq,base_ecq,cpu_gather_ops,cpu_gather_gpbs,cpu_gather_pp,cpu_gather_pcq,cpu_gather_ecq,nic_gather_ops,nic_gather_gbps,nic_gather_pp,nic_gather_pcq,nic_gather_ecq,piece_by_piece_ops,piece_by_piece_gbps,piece_by_piece_pp,piece_by_piece_pcq,piece_by_piece_ecq
64,128,1,7051709.14,3.61,16.24,0.01,0.00,6702742.51,3.43,15.36,0.01,0.00,7108202.46,3.64,16.39,0.01,0.00,7089051.00,3.63,16.19,0.01,0.00
128,128,1,7096985.21,7.27,16.21,0.01,0.00,6593601.36,6.75,15.15,0.01,0.00,7110621.07,7.28,16.36,0.01,0.00,7084174.07,7.25,16.20,0.01,0.00
192,128,1,7094080.65,10.90,16.19,0.01,0.00,6565916.90,10.09,15.09,0.01,0.00,7095511.81,10.90,16.46,0.01,0.00,7075467.37,10.87,16.23,0.01,0.00
256,128,1,7089657.83,14.52,16.23,0.01,0.00,6449828.09,13.21,14.94,0.01,0.00,7099741.55,14.54,16.44,0.01,0.00,7066230.29,14.47,16.27,0.01,0.00
320,128,1,7074930.94,18.11,16.31,0.01,0.00,6324934.00,16.19,14.68,0.01,0.00,7080628.78,18.13,16.56,0.01,0.00,7062046.53,18.08,16.25,0.01,0.00
384,128,1,7073912.08,21.73,16.31,0.01,0.00,6323824.06,19.43,14.72,0.01,0.00,7076790.87,21.74,16.55,0.01,0.00,7064197.24,21.70,16.24,0.01,0.00
448,128,1,7063952.05,25.32,16.30,0.01,0.00,6114209.41,21.91,14.27,0.01,0.00,7075803.61,25.36,16.53,0.01,0.00,7043586.67,25.24,16.35,0.01,0.00
512,128,1,7054990.16,28.90,16.39,0.01,0.00,6077180.19,24.89,14.18,0.01,0.00,7077469.81,28.99,16.44,0.01,0.00,7035488.68,28.82,16.28,0.01,0.00
576,128,1,7051162.80,32.49,16.37,0.01,0.00,6033485.32,27.80,14.09,0.01,0.00,7082711.56,32.64,16.40,0.01,0.00,7043806.56,32.46,16.20,0.01,0.00
640,128,1,7044242.71,36.07,16.38,0.01,0.00,5876205.37,30.09,13.76,0.01,0.00,7073005.29,36.21,16.38,0.01,0.00,7018302.94,35.93,16.45,0.01,0.00
704,128,1,7045093.12,39.68,16.38,0.01,0.00,5801102.35,32.67,13.55,0.01,0.00,7053551.35,39.73,16.56,0.01,0.00,7034631.84,39.62,16.26,0.01,0.00
768,128,1,7034034.97,43.22,16.43,0.01,0.00,5668941.66,34.83,13.36,0.01,0.00,7066647.65,43.42,16.39,0.01,0.00,7005788.27,43.04,16.50,0.01,0.00
832,128,1,7031150.37,46.80,16.45,0.01,0.00,5589459.61,37.20,13.23,0.01,0.00,7058219.51,46.98,16.41,0.01,0.00,7010918.54,46.66,16.38,0.01,0.00
896,128,1,7027968.68,50.38,16.43,0.01,0.00,5490218.09,39.35,13.03,0.01,0.00,7050620.85,50.54,16.42,0.01,0.00,7005831.83,50.22,16.39,0.01,0.00
960,128,1,7026751.37,53.97,16.42,0.01,0.00,5453188.07,41.88,12.90,0.01,0.00,6981671.54,53.62,17.58,0.02,0.00,7010367.46,53.84,16.35,0.01,0.00
1024,128,1,6969792.22,57.10,17.11,0.01,0.00,4728725.29,38.74,11.13,0.01,0.00,6991368.54,57.27,17.02,0.01,0.00,6946654.97,56.91,17.07,0.01,0.00
1088,128,1,6994741.00,60.88,16.84,0.01,0.00,4731388.56,41.18,11.22,0.01,0.00,6378230.84,55.52,28.66,0.15,0.03,6960494.67,60.58,16.84,0.01,0.00
1152,128,1,6988374.75,64.40,16.94,0.01,0.00,4478959.95,41.28,10.52,0.01,0.00,6041013.76,55.67,34.66,0.34,0.17,6960584.90,64.15,16.85,0.01,0.00
1216,128,1,6967711.28,67.78,17.28,0.02,0.00,4547216.59,44.24,10.76,0.01,0.00,6578587.28,64.00,24.76,0.09,0.01,6945455.49,67.57,16.94,0.01,0.00
1280,128,1,6953270.63,71.20,17.51,0.02,0.00,4316292.75,44.20,10.10,0.01,0.00,6605076.07,67.64,24.33,0.09,0.00,6931519.74,70.98,17.25,0.02,0.00
1344,128,1,6919658.73,74.40,18.07,0.02,0.00,4408185.15,47.40,10.42,0.01,0.00,6976194.61,75.01,17.39,0.02,0.00,6846929.35,73.62,18.70,0.03,0.00
1408,128,1,6586873.57,74.19,24.33,0.12,0.04,4209198.57,47.41,9.95,0.01,0.00,6740334.73,75.92,21.73,0.06,0.00,6800873.48,76.61,19.53,0.04,0.00
1472,128,1,6658952.80,78.42,23.09,0.07,0.00,4304968.92,50.70,10.16,0.01,0.00,5939875.19,69.95,36.54,0.52,0.33,6640961.49,78.20,22.72,0.07,0.00
1536,128,1,6330237.41,77.79,29.98,0.22,0.07,4064292.26,49.94,9.57,0.01,0.00,6270307.74,77.05,31.26,0.24,0.08,6333805.26,77.83,29.11,0.21,0.06
1600,128,1,6247292.66,79.97,31.92,0.26,0.09,4158613.32,53.23,9.85,0.01,0.00,6210182.67,79.49,32.46,0.26,0.09,5885911.36,75.34,37.54,0.54,0.32
1664,128,1,6063241.72,80.71,35.51,0.41,0.20,3924028.37,52.24,9.26,0.01,0.00,6128352.75,81.58,34.66,0.33,0.12,5989765.31,79.74,35.90,0.45,0.24
1728,128,1,5741929.00,79.38,43.48,0.74,0.44,3990852.27,55.17,9.44,0.01,0.00,5982042.44,82.70,40.51,0.52,0.23,5921270.96,81.86,38.68,0.53,0.28
1792,128,1,5607819.26,80.39,48.86,0.94,0.54,3775019.38,54.12,8.91,0.01,0.00,5685939.49,81.51,48.44,0.83,0.44,5488125.66,78.68,47.97,0.99,0.62
1856,128,1,5616228.37,83.39,50.60,0.86,0.43,3844872.67,57.09,9.05,0.01,0.00,5638364.82,83.72,50.87,0.80,0.36,5626117.92,83.54,48.54,0.81,0.41
1920,128,1,5372699.39,82.52,56.11,1.10,0.58,3623126.52,55.65,8.56,0.01,0.00,5345760.74,82.11,57.28,1.13,0.59,5423320.80,83.30,54.86,1.03,0.52
1984,128,1,5158541.66,81.88,64.56,1.42,0.73,3694566.33,58.64,8.74,0.01,0.00,5293514.53,84.02,62.68,1.19,0.52,5363567.68,85.13,58.89,1.03,0.43
2048,128,1,5046177.31,82.68,74.10,1.74,0.79,3364257.18,55.12,7.91,0.01,0.00,5176196.41,84.81,72.67,1.50,0.56,5114593.33,83.80,72.60,1.60,0.68
2112,128,1,4832108.39,81.64,74.84,1.64,0.69,3575121.72,60.41,8.45,0.01,0.00,4823938.10,81.51,75.00,1.64,0.67,4865036.50,82.20,73.07,1.55,0.62
2176,128,1,4759693.05,82.86,74.62,1.58,0.65,3403187.09,59.24,8.04,0.01,0.00,4541816.33,79.06,75.32,1.98,1.05,4618345.99,80.40,74.46,1.82,0.90
2240,128,1,4668723.79,83.66,76.61,1.58,0.61,3446958.29,61.77,8.16,0.01,0.00,4587655.47,82.21,76.60,1.71,0.74,4650095.25,83.33,76.48,1.61,0.64
2304,128,1,4581161.68,84.44,77.03,1.56,0.59,3279051.23,60.44,7.74,0.01,0.00,4571445.05,84.26,76.35,1.54,0.57,4575632.52,84.34,76.36,1.57,0.59
2368,128,1,4539212.73,85.99,77.35,1.45,0.47,3323376.61,62.96,7.87,0.01,0.00,4452181.73,84.34,77.28,1.59,0.61,4517418.51,85.58,77.27,1.49,0.51
2432,128,1,4278757.38,83.25,78.86,1.80,0.81,3169547.13,61.67,7.50,0.01,0.00,4415945.72,85.92,77.77,1.45,0.46,4376824.26,85.16,78.14,1.57,0.59
2496,128,1,4349530.72,86.85,78.46,1.45,0.46,3205961.63,64.02,7.61,0.01,0.00,4345846.27,86.78,78.05,1.40,0.41,4345819.07,86.78,78.39,1.45,0.47
2560,128,1,4188546.37,85.78,79.32,1.59,0.60,3052773.29,62.52,7.21,0.01,0.00,4058110.76,83.11,79.68,1.89,0.90,4198453.92,85.98,79.10,1.57,0.58
2624,128,1,4189691.06,87.95,79.29,1.40,0.41,3097891.30,65.03,7.33,0.01,0.00,4125280.01,86.60,79.28,1.50,0.51,3932457.16,82.55,80.60,2.07,1.08
2688,128,1,3968454.92,85.34,80.45,1.75,0.75,2968927.21,63.84,7.03,0.01,0.00,3995888.75,85.93,80.09,1.61,0.62,3950172.70,84.94,80.47,1.79,0.79
2752,128,1,4047151.78,89.10,80.07,1.32,0.32,2999603.45,66.04,7.10,0.01,0.00,4007140.72,88.22,80.04,1.36,0.36,4014624.05,88.39,80.28,1.40,0.40
2816,128,1,3865217.07,87.08,80.95,1.59,0.59,2875154.77,64.77,6.80,0.01,0.00,3847413.67,86.67,80.83,1.59,0.60,3819162.98,86.04,81.13,1.72,0.72
2880,128,1,3885111.55,89.51,80.89,1.34,0.34,2905475.81,66.94,6.90,0.01,0.00,3805808.62,87.69,81.10,1.51,0.51,3858426.95,88.90,81.05,1.42,0.42
2944,128,1,3824007.03,90.06,81.23,1.33,0.33,2793143.95,65.78,6.60,0.01,0.00,3784867.45,89.14,81.10,1.36,0.36,3773079.95,88.86,81.08,1.46,0.46
3008,128,1,3643530.82,87.68,82.14,1.74,0.74,2818842.72,67.83,6.70,0.01,0.00,3705728.61,89.17,81.64,1.42,0.43,3698839.78,89.01,81.88,1.55,0.55
3072,128,1,3590805.47,88.25,82.39,1.73,0.73,2672137.83,65.67,6.32,0.01,0.00,3499722.69,86.01,82.50,2.00,1.01,3573630.34,87.83,82.12,1.75,0.76
3136,128,1,3445670.82,86.44,82.99,2.28,1.29,2726581.81,68.40,6.48,0.01,0.00,3473678.63,87.15,82.69,2.03,1.04,3497904.19,87.76,82.78,2.04,1.05
3200,128,1,3446486.96,88.23,83.01,2.28,1.29,2631180.58,67.36,6.25,0.01,0.00,3387445.02,86.72,83.17,2.38,1.38,3458892.58,88.55,83.00,2.19,1.20
3264,128,1,3371770.07,88.04,83.41,2.58,1.59,2654354.80,69.31,6.30,0.01,0.00,3296739.52,86.08,83.64,2.78,1.78,3451117.68,90.12,83.06,2.23,1.23
3328,128,1,3283649.13,87.42,83.88,2.96,1.96,2559222.98,68.14,6.07,0.01,0.00,3342633.28,88.99,83.47,2.60,1.60,3301475.54,87.90,83.82,2.84,1.84
3392,128,1,3271342.82,88.77,83.96,3.00,2.00,2576321.60,69.91,6.11,0.01,0.00,3344780.20,90.76,83.38,2.56,1.56,3259927.21,88.46,84.03,3.00,2.00
3456,128,1,3235535.06,89.46,84.14,3.21,2.21,2486224.39,68.74,5.90,0.01,0.00,3284711.25,90.82,83.74,2.90,1.90,3092720.00,85.51,84.90,3.87,2.87
3520,128,1,3093036.74,87.10,84.84,3.91,2.92,2496848.16,70.31,5.94,0.01,0.00,3204553.31,90.24,84.15,3.28,2.28,3176115.34,89.44,84.46,3.46,2.46
3584,128,1,3068885.97,87.99,84.90,3.93,2.93,2400568.87,68.83,5.71,0.01,0.00,3048217.31,87.40,84.93,3.97,2.97,3160405.32,90.62,84.52,3.46,2.47
3648,128,1,3117164.88,90.97,84.72,3.69,2.69,2426698.54,70.82,5.78,0.01,0.00,3130343.32,91.36,84.49,3.55,2.55,3130256.49,91.35,84.67,3.60,2.60
3712,128,1,3080948.32,91.49,84.80,3.84,2.85,2351326.70,69.82,5.59,0.01,0.00,3080868.17,91.49,84.71,3.77,2.77,3053681.54,90.68,84.99,3.94,2.95
3776,128,1,3020403.95,91.24,85.17,4.17,3.17,2357447.55,71.21,5.62,0.01,0.00,2970866.11,89.74,85.30,4.32,3.33,3030386.73,91.54,85.09,4.04,3.04
3840,128,1,2971452.38,91.28,85.40,4.39,3.40,2278329.29,69.99,5.42,0.01,0.00,2931594.52,90.06,85.45,4.50,3.51,2924534.20,89.84,85.63,4.60,3.60
3904,128,1,2902800.77,90.66,85.79,4.76,3.76,2295790.89,71.70,5.47,0.01,0.00,2941594.04,91.87,85.21,4.43,3.44,2941497.85,91.87,85.30,4.46,3.47
3968,128,1,2784976.89,88.41,86.35,5.45,4.46,2227837.32,70.72,5.29,0.01,0.00,2842595.66,90.24,85.93,5.00,4.00,2880704.53,91.45,85.90,4.85,3.85
4032,128,1,2830867.75,91.31,86.11,5.17,4.17,2244781.12,72.41,5.34,0.01,0.00,2804281.65,90.45,85.77,5.16,4.16,2855394.27,92.10,86.02,4.98,3.98
4096,128,1,2765923.92,90.63,86.42,5.54,4.55,2064085.20,67.64,4.89,0.01,0.00,2697093.59,88.38,86.66,5.87,4.87,2779920.63,91.09,86.36,5.42,4.42
