msg size,window size,sg pieces,base_ops,base_gbps,base_pp,base_pcq,base_ecq,cpu_gather_ops,cpu_gather_gpbs,cpu_gather_pp,cpu_gather_pcq,cpu_gather_ecq,nic_gather_ops,nic_gather_gbps,nic_gather_pp,nic_gather_pcq,nic_gather_ecq,piece_by_piece_ops,piece_by_piece_gbps,piece_by_piece_pp,piece_by_piece_pcq,piece_by_piece_ecq
1024,1,1,358858.28,2.94,98.30,115.90,114.90,349475.15,2.86,98.23,118.28,117.28,352986.59,2.89,98.31,118.00,117.00,360135.40,2.95,98.27,115.57,114.57
1024,2,1,713583.74,5.85,96.57,52.88,51.88,641771.44,5.26,86.89,52.51,51.51,714664.66,5.85,96.53,52.77,51.77,707835.26,5.80,96.58,53.50,52.50
1024,4,1,1234208.91,10.11,93.42,26.45,25.53,1122701.23,9.20,70.36,20.42,19.55,1228298.38,10.06,92.67,26.48,25.65,1244942.01,10.20,93.30,26.23,25.31
1024,8,1,2306725.06,18.90,81.15,9.91,9.38,1928600.58,15.80,43.78,4.61,3.96,2306332.95,18.89,81.18,9.94,9.42,2261867.93,18.53,83.00,10.60,9.98
1024,16,1,3796690.99,31.10,64.66,2.88,2.50,2706408.62,22.17,12.84,0.20,0.00,3848531.59,31.53,63.31,2.81,2.46,3869789.33,31.70,63.78,2.81,2.46
1024,32,1,5743666.43,47.05,35.44,0.18,0.03,2761327.27,22.62,8.02,0.05,0.00,5939439.38,48.66,31.93,0.12,0.00,5911454.58,48.43,34.15,0.13,0.00
1024,64,1,6783027.47,55.57,18.62,0.03,0.00,2776786.38,22.75,6.89,0.02,0.00,6689595.47,54.80,19.51,0.03,0.00,6775725.94,55.51,19.98,0.03,0.00
1024,128,1,6856403.27,56.17,16.69,0.01,0.00,2594571.48,21.25,6.17,0.01,0.00,6841104.30,56.04,16.94,0.01,0.00,6943928.66,56.88,17.13,0.01,0.00
1024,256,1,6916777.94,56.66,15.62,0.00,0.00,2579093.49,21.13,5.96,0.00,0.00,6922284.13,56.71,15.51,0.00,0.00,7016114.79,57.48,15.97,0.00,0.00
