msg size,window size,sg pieces,base_ops,base_gbps,base_pp,base_pcq,base_ecq,cpu_gather_ops,cpu_gather_gpbs,cpu_gather_pp,cpu_gather_pcq,cpu_gather_ecq,nic_gather_ops,nic_gather_gbps,nic_gather_pp,nic_gather_pcq,nic_gather_ecq,piece_by_piece_ops,piece_by_piece_gbps,piece_by_piece_pp,piece_by_piece_pcq,piece_by_piece_ecq
1024,1,4,359878.53,2.95,98.29,115.52,114.52,350509.83,2.87,98.21,118.11,117.11,346142.09,2.84,98.03,120.15,119.15,94282.46,0.77,98.17,109.82,108.82
1024,2,4,704372.84,5.77,96.62,53.70,52.70,660555.43,5.41,91.02,53.53,52.53,686004.74,5.62,95.82,54.86,53.86,188999.63,1.55,96.33,49.40,48.40
1024,4,4,1237088.81,10.13,93.32,26.35,25.43,1173870.42,9.62,79.68,22.80,21.94,1230676.84,10.08,91.52,26.05,25.21,330949.48,2.71,92.80,23.77,22.86
1024,8,4,2223985.82,18.22,82.87,10.71,10.12,2080530.40,17.04,59.16,6.82,6.29,2165722.28,17.74,81.32,10.98,10.39,603868.49,4.95,82.62,9.05,8.40
1024,16,4,3708311.14,30.38,65.82,3.19,2.79,3431893.20,28.11,26.69,0.43,0.15,3622086.34,29.67,61.84,3.08,2.73,1071963.40,8.78,59.31,2.41,2.06
1024,32,4,5866241.64,48.06,33.18,0.13,0.00,4039136.42,33.09,13.49,0.06,0.00,5533773.76,45.33,33.37,0.20,0.04,1699560.57,13.92,24.08,0.12,0.00
1024,64,4,6704420.39,54.92,19.31,0.03,0.00,4042622.25,33.12,10.43,0.02,0.00,6248372.82,51.19,19.66,0.05,0.00,1746898.82,14.31,17.99,0.02,0.00
1024,128,4,6895819.10,56.49,16.76,0.01,0.00,4062536.09,33.28,9.61,0.01,0.00,6470301.19,53.00,15.63,0.01,0.00,1771063.96,14.51,16.23,0.01,0.00
1024,256,4,6949093.67,56.93,15.76,0.00,0.00,4069492.74,33.34,9.11,0.00,0.00,6500163.51,53.25,14.73,0.00,0.00,1776404.45,14.55,15.60,0.00,0.00
