msg size,window size,sg pieces,base_ops,base_gbps,base_pp,base_pcq,base_ecq,cpu_gather_ops,cpu_gather_gpbs,cpu_gather_pp,cpu_gather_pcq,cpu_gather_ecq,nic_gather_ops,nic_gather_gbps,nic_gather_pp,nic_gather_pcq,nic_gather_ecq,piece_by_piece_ops,piece_by_piece_gbps,piece_by_piece_pp,piece_by_piece_pcq,piece_by_piece_ecq
1024,1,8,359563.83,2.95,98.25,115.52,114.52,350687.33,2.87,98.22,118.03,117.03,336407.71,2.76,97.58,123.34,122.34,47974.21,0.39,98.16,105.87,104.87
1024,2,8,715152.75,5.86,96.57,52.69,51.69,657435.13,5.39,90.94,53.73,52.73,674991.79,5.53,95.33,55.57,54.57,95335.82,0.78,96.29,48.02,47.02
1024,4,8,1236876.64,10.13,93.57,26.47,25.53,1173747.69,9.62,81.05,23.26,22.42,1138735.07,9.33,91.99,29.04,28.05,164738.15,1.35,93.63,23.40,22.40
1024,8,8,2221002.57,18.19,82.49,10.75,10.18,2089122.67,17.11,62.92,7.61,7.05,1923546.71,15.76,84.82,13.74,12.83,300456.91,2.46,82.48,9.06,8.41
1024,16,8,3796232.39,31.10,64.60,2.88,2.49,3481663.51,28.52,31.35,0.62,0.32,3404029.50,27.89,65.96,4.15,3.57,546018.91,4.47,59.72,2.03,1.65
1024,32,8,6026012.46,49.37,30.63,0.11,0.00,4328604.07,35.46,14.64,0.06,0.00,4124350.39,33.79,58.74,2.09,1.51,831427.54,6.81,25.22,0.10,0.00
1024,64,8,6826417.68,55.92,17.89,0.03,0.00,4362486.32,35.74,11.41,0.02,0.00,4534791.44,37.15,52.28,1.21,0.70,878481.50,7.20,17.59,0.02,0.00
1024,128,8,6794420.94,55.66,16.54,0.01,0.00,4365681.34,35.76,10.39,0.01,0.00,4684391.30,38.37,51.21,0.89,0.37,885906.84,7.26,16.24,0.01,0.00
1024,256,8,6910491.55,56.61,15.59,0.00,0.00,4437393.34,36.35,10.19,0.00,0.00,4699362.63,38.50,51.30,0.77,0.24,889358.22,7.29,15.61,0.00,0.00
