msg size,window size,sg pieces,base_ops,base_gbps,base_pp,base_pcq,base_ecq,cpu_gather_ops,cpu_gather_gpbs,cpu_gather_pp,cpu_gather_pcq,cpu_gather_ecq,nic_gather_ops,nic_gather_gbps,nic_gather_pp,nic_gather_pcq,nic_gather_ecq,piece_by_piece_ops,piece_by_piece_gbps,piece_by_piece_pp,piece_by_piece_pcq,piece_by_piece_ecq
512,1,2,369170.18,1.51,98.24,112.26,111.26,357300.89,1.46,98.25,115.44,114.44,363409.94,1.49,98.14,114.22,113.22,190136.58,0.78,98.16,108.85,107.85
512,2,2,723386.66,2.96,96.53,51.99,50.99,674654.46,2.76,90.70,52.02,51.02,732176.39,3.00,96.24,51.24,50.24,378052.74,1.55,96.32,49.37,48.37
512,4,2,1285588.63,5.27,93.00,24.67,23.76,1202733.54,4.93,79.49,21.77,20.89,1271688.65,5.21,92.33,25.07,24.20,667728.30,2.74,93.50,23.30,22.30
512,8,2,2378247.53,9.74,83.40,9.37,8.69,2156183.78,8.83,60.67,6.58,5.89,2409711.76,9.87,82.61,9.32,8.62,1197550.80,4.91,82.61,9.50,8.86
512,16,2,4232886.87,17.34,62.02,2.36,1.94,3599964.56,14.75,24.23,0.35,0.05,4076675.50,16.70,62.28,2.82,2.41,2177722.16,8.92,59.92,2.02,1.65
512,32,2,6649360.25,27.24,23.94,0.11,0.00,4108988.20,16.83,12.81,0.06,0.00,6366592.59,26.08,26.66,0.11,0.00,3399766.22,13.93,24.02,0.12,0.00
512,64,2,6829388.82,27.97,18.23,0.02,0.00,4173614.36,17.10,10.53,0.02,0.00,6864291.65,28.12,17.29,0.03,0.00,3513584.00,14.39,17.38,0.02,0.00
512,128,2,6987053.34,28.62,16.24,0.01,0.00,4185783.56,17.14,9.78,0.01,0.00,6883701.35,28.20,16.50,0.01,0.00,3536137.05,14.48,16.29,0.01,0.00
512,256,2,7019750.15,28.75,15.36,0.00,0.00,4225564.42,17.31,9.51,0.00,0.00,6955007.97,28.49,15.24,0.00,0.00,3554429.68,14.56,15.58,0.00,0.00
