msg size,window size,sg pieces,base_ops,base_gbps,base_pp,base_pcq,base_ecq,cpu_gather_ops,cpu_gather_gpbs,cpu_gather_pp,cpu_gather_pcq,cpu_gather_ecq,nic_gather_ops,nic_gather_gbps,nic_gather_pp,nic_gather_pcq,nic_gather_ecq,piece_by_piece_ops,piece_by_piece_gbps,piece_by_piece_pp,piece_by_piece_pcq,piece_by_piece_ecq
128,1,4,382427.28,0.39,97.98,107.73,106.73,373663.31,0.38,97.80,109.79,108.79,362511.02,0.37,97.63,113.84,112.84,96897.85,0.10,97.95,106.28,105.28
128,2,4,759970.43,0.78,95.93,48.64,47.64,706424.61,0.72,91.11,49.53,48.53,734728.84,0.75,95.25,50.31,49.31,192330.46,0.20,95.87,48.03,47.03
128,4,4,1335199.72,1.37,92.09,22.98,22.07,1277450.28,1.31,80.09,20.15,19.15,1265302.89,1.30,90.60,24.58,23.75,342914.77,0.35,92.63,22.16,21.18
128,8,4,2394576.01,2.45,81.98,8.98,8.35,2254926.56,2.31,65.19,6.87,6.19,2204050.49,2.26,80.10,10.30,9.76,603877.34,0.62,82.44,9.03,8.35
128,16,4,4350570.73,4.45,58.52,1.91,1.54,3975194.10,4.07,29.88,0.42,0.10,3901121.65,3.99,60.83,2.77,2.36,1100699.12,1.13,58.85,1.90,1.54
128,32,4,6540905.12,6.70,24.39,0.09,0.00,4755122.02,4.87,14.98,0.06,0.00,6024829.11,6.17,25.84,0.12,0.00,1676861.70,1.72,24.75,0.11,0.00
128,64,4,6887194.04,7.05,17.59,0.02,0.00,4874037.04,4.99,12.36,0.02,0.00,6467707.74,6.62,17.03,0.03,0.00,1748783.57,1.79,17.97,0.02,0.00
128,128,4,6968177.99,7.14,15.93,0.01,0.00,5026042.70,5.15,11.76,0.01,0.00,6546778.57,6.70,15.23,0.01,0.00,1773461.76,1.82,16.22,0.01,0.00
128,256,4,6990330.01,7.16,15.34,0.00,0.00,4942032.56,5.06,11.14,0.00,0.00,6577500.90,6.74,14.58,0.00,0.00,1779018.65,1.82,15.64,0.00,0.00
