msg size,window size,sg pieces,base_ops,base_gbps,base_pp,base_pcq,base_ecq,cpu_gather_ops,cpu_gather_gpbs,cpu_gather_pp,cpu_gather_pcq,cpu_gather_ecq,nic_gather_ops,nic_gather_gbps,nic_gather_pp,nic_gather_pcq,nic_gather_ecq,piece_by_piece_ops,piece_by_piece_gbps,piece_by_piece_pp,piece_by_piece_pcq,piece_by_piece_ecq
512,1,4,365945.04,1.50,98.26,113.40,112.40,358428.85,1.47,98.18,115.29,114.29,352537.76,1.44,97.92,117.69,116.69,96169.31,0.39,98.17,107.53,106.53
512,2,4,715377.57,2.93,96.55,52.72,51.72,676240.48,2.77,90.91,52.13,51.13,705690.57,2.89,95.85,53.13,52.13,189062.59,0.77,96.33,49.39,48.39
512,4,4,1281318.08,5.25,93.05,24.81,23.89,1210525.41,4.96,80.01,21.75,20.84,1216883.49,4.98,92.11,26.22,25.30,332164.12,1.36,92.88,23.50,22.56
512,8,4,2292959.94,9.39,85.12,10.20,9.44,2162680.64,8.86,62.39,6.91,6.19,2274439.86,9.32,81.64,10.16,9.48,597035.60,2.45,82.93,9.37,8.70
512,16,4,4194796.56,17.18,62.42,2.44,2.01,3671438.75,15.04,27.63,0.46,0.13,3712889.35,15.21,62.08,3.16,2.78,1092176.75,4.47,59.34,2.03,1.65
512,32,4,6555746.93,26.85,24.71,0.11,0.00,4393364.26,18.00,13.76,0.06,0.00,5555023.68,22.75,33.95,0.32,0.13,1651515.03,6.76,24.62,0.10,0.00
512,64,4,6870272.56,28.14,17.61,0.02,0.00,4455697.26,18.25,11.30,0.02,0.00,6445777.98,26.40,17.05,0.03,0.00,1743978.70,7.14,17.07,0.02,0.00
512,128,4,6934708.06,28.40,16.05,0.01,0.00,4525896.26,18.54,10.57,0.01,0.00,6532353.92,26.76,15.19,0.01,0.00,1751543.24,7.17,16.01,0.01,0.00
512,256,4,6965592.76,28.53,15.27,0.00,0.00,4461395.41,18.27,9.95,0.00,0.00,6536684.83,26.77,14.56,0.00,0.00,1756551.61,7.19,15.37,0.00,0.00
