msg size,window size,sg pieces,base_ops,base_gbps,base_pp,base_pcq,base_ecq,cpu_gather_ops,cpu_gather_gpbs,cpu_gather_pp,cpu_gather_pcq,cpu_gather_ecq,nic_gather_ops,nic_gather_gbps,nic_gather_pp,nic_gather_pcq,nic_gather_ecq,piece_by_piece_ops,piece_by_piece_gbps,piece_by_piece_pp,piece_by_piece_pcq,piece_by_piece_ecq
128,1,8,383124.32,0.39,98.16,107.83,106.83,371817.76,0.38,98.10,110.70,109.70,352336.61,0.36,97.58,117.32,116.32,48827.36,0.05,98.12,105.70,104.70
128,2,8,763116.77,0.78,96.26,48.64,47.64,708507.67,0.73,91.39,49.61,48.61,694798.90,0.71,95.19,53.65,52.65,96789.84,0.10,96.23,47.95,46.95
128,4,8,1333171.24,1.37,93.16,23.26,22.29,1274782.62,1.31,81.51,20.76,19.84,1141369.50,1.17,91.93,28.91,27.93,171523.37,0.18,93.10,22.43,21.46
128,8,8,2393852.31,2.45,82.75,9.17,8.51,2279138.55,2.33,65.46,6.78,6.12,1984730.01,2.03,84.78,13.08,12.18,301469.68,0.31,83.83,9.12,8.40
128,16,8,4353370.77,4.46,58.72,1.97,1.60,4009288.30,4.11,31.84,0.49,0.16,3567294.80,3.65,64.21,3.60,3.04,556585.40,0.57,59.61,1.96,1.57
128,32,8,6542942.25,6.70,24.50,0.09,0.00,4924094.64,5.04,15.44,0.06,0.00,4321557.03,4.43,54.18,1.77,1.29,839656.49,0.86,24.82,0.11,0.00
128,64,8,6900328.08,7.07,17.52,0.02,0.00,5061395.16,5.18,12.94,0.02,0.00,4758347.33,4.87,48.02,0.95,0.51,878219.88,0.90,17.75,0.02,0.00
128,128,8,6969291.30,7.14,16.01,0.01,0.00,5109571.73,5.23,11.84,0.01,0.00,4921249.90,5.04,45.63,0.67,0.25,887371.64,0.91,16.23,0.01,0.00
128,256,8,6996901.77,7.16,15.33,0.00,0.00,5115100.60,5.24,11.45,0.00,0.00,5039795.27,5.16,43.71,0.49,0.08,890444.93,0.91,15.63,0.00,0.00
