msg size,window size,sg pieces,base_ops,base_gbps,base_pp,base_pcq,base_ecq,cpu_gather_ops,cpu_gather_gpbs,cpu_gather_pp,cpu_gather_pcq,cpu_gather_ecq,nic_gather_ops,nic_gather_gbps,nic_gather_pp,nic_gather_pcq,nic_gather_ecq,piece_by_piece_ops,piece_by_piece_gbps,piece_by_piece_pp,piece_by_piece_pcq,piece_by_piece_ecq
512,1,1,367551.98,1.51,98.25,112.85,111.85,357016.50,1.46,98.24,115.49,114.49,362367.00,1.48,98.27,114.61,113.61,363708.95,1.49,98.25,114.27,113.27
512,2,1,723193.16,2.96,96.52,51.97,50.97,681041.99,2.79,90.17,50.99,49.99,719659.40,2.95,96.50,52.26,51.26,734318.33,3.01,96.43,51.12,50.12
512,4,1,1290835.58,5.29,92.82,24.56,23.67,1182370.52,4.84,78.22,21.66,20.74,1259983.16,5.16,93.64,25.16,24.18,1292497.09,5.29,93.67,24.43,23.44
512,8,1,2374567.02,9.73,83.19,9.34,8.65,2143602.50,8.78,59.19,6.31,5.62,2352250.77,9.63,83.04,9.76,9.09,2385981.00,9.77,83.88,9.39,8.67
512,16,1,4132693.58,16.93,61.96,2.60,2.19,3532303.39,14.47,23.62,0.34,0.04,4142404.83,16.97,62.36,2.65,2.24,4232667.12,17.34,62.71,2.44,2.01
512,32,1,6564362.39,26.89,24.73,0.11,0.00,4002489.90,16.39,12.50,0.06,0.00,6374127.40,26.11,27.08,0.11,0.00,6618574.59,27.11,25.67,0.11,0.00
512,64,1,6822546.70,27.95,18.25,0.02,0.00,4050833.30,16.59,10.52,0.02,0.00,6886279.72,28.21,17.50,0.03,0.00,6932948.65,28.40,18.48,0.03,0.00
512,128,1,6930523.09,28.39,16.11,0.01,0.00,4070392.15,16.67,9.55,0.01,0.00,6938186.90,28.42,16.18,0.01,0.00,7045525.14,28.86,16.35,0.01,0.00
512,256,1,6967853.29,28.54,15.27,0.00,0.00,3712713.35,15.21,8.43,0.00,0.00,6982519.18,28.60,15.33,0.00,0.00,7079187.53,29.00,15.57,0.00,0.00
