msg size,window size,sg pieces,base_ops,base_gbps,base_pp,base_pcq,base_ecq,cpu_gather_ops,cpu_gather_gpbs,cpu_gather_pp,cpu_gather_pcq,cpu_gather_ecq,nic_gather_ops,nic_gather_gbps,nic_gather_pp,nic_gather_pcq,nic_gather_ecq,piece_by_piece_ops,piece_by_piece_gbps,piece_by_piece_pp,piece_by_piece_pcq,piece_by_piece_ecq
512,1,8,369226.12,1.51,98.25,112.35,111.35,357739.44,1.47,98.18,115.49,114.49,347218.03,1.42,97.63,119.27,118.27,48261.07,0.20,98.15,107.09,106.09
512,2,8,733205.62,3.00,96.46,51.19,50.19,671410.12,2.75,90.64,52.25,51.25,673978.72,2.76,95.41,55.74,54.74,96078.89,0.39,96.28,48.43,47.43
512,4,8,1293289.08,5.30,92.88,24.64,23.74,1201013.66,4.92,78.09,21.29,20.38,1168725.67,4.79,91.99,28.11,27.11,170091.92,0.70,93.43,22.71,21.72
512,8,8,2390692.62,9.79,83.33,9.34,8.66,2122566.86,8.69,58.65,6.45,5.70,1924322.01,7.88,85.30,13.82,12.94,298860.90,1.22,83.24,9.33,8.65
512,16,8,4224110.26,17.30,62.40,2.38,1.95,3563811.70,14.60,23.38,0.32,0.04,3522577.96,14.43,65.06,3.80,3.23,549392.45,2.25,59.55,2.10,1.72
512,32,8,6650984.93,27.24,23.95,0.11,0.00,4040510.86,16.55,12.36,0.06,0.00,4199988.03,17.20,56.31,2.01,1.50,835038.94,3.42,24.64,0.09,0.00
512,64,8,6893782.17,28.24,17.31,0.02,0.00,4041363.53,16.55,10.25,0.02,0.00,4681127.25,19.17,49.85,1.07,0.60,881078.74,3.61,17.41,0.02,0.00
512,128,8,6934470.66,28.40,16.11,0.01,0.00,4084310.24,16.73,9.52,0.01,0.00,4827162.57,19.77,48.55,0.78,0.31,887074.26,3.63,16.20,0.01,0.00
512,256,8,6969871.16,28.55,15.28,0.00,0.00,4076906.77,16.70,9.05,0.00,0.00,4936700.24,20.22,46.98,0.60,0.13,889711.30,3.64,15.63,0.00,0.00
