msg size,window size,sg pieces,base_ops,base_gbps,base_pp,base_pcq,base_ecq,cpu_gather_ops,cpu_gather_gpbs,cpu_gather_pp,cpu_gather_pcq,cpu_gather_ecq,nic_gather_ops,nic_gather_gbps,nic_gather_pp,nic_gather_pcq,nic_gather_ecq,piece_by_piece_ops,piece_by_piece_gbps,piece_by_piece_pp,piece_by_piece_pcq,piece_by_piece_ecq
128,1,2,384440.23,0.39,98.17,107.43,106.43,373428.75,0.38,98.09,110.20,109.20,375190.40,0.38,98.08,110.32,109.32,192785.06,0.20,98.14,107.19,106.19
128,2,2,768663.67,0.79,96.30,48.27,47.27,697863.37,0.71,90.33,49.73,48.73,746094.94,0.76,96.17,50.05,49.05,385127.11,0.39,96.25,48.25,47.25
128,4,2,1338860.71,1.37,93.48,23.12,22.13,1250898.88,1.28,77.31,19.75,18.82,1315939.42,1.35,92.29,23.85,22.95,661840.91,0.68,93.27,23.60,22.64
128,8,2,2358756.98,2.42,83.43,9.49,8.80,2194703.76,2.25,57.40,5.98,5.25,2357467.93,2.41,82.24,9.68,9.04,1207084.59,1.24,83.31,9.22,8.52
128,16,2,4352093.41,4.46,59.02,1.99,1.61,3734519.12,3.82,20.80,0.26,0.00,4203728.44,4.30,61.21,2.50,2.10,2199660.74,2.25,59.83,1.95,1.55
128,32,2,6560849.21,6.72,24.20,0.09,0.00,4097893.62,4.20,12.29,0.05,0.00,5837703.48,5.98,35.25,0.21,0.04,3349717.37,3.43,23.35,0.09,0.00
128,64,2,6890395.18,7.06,17.47,0.02,0.00,4156643.45,4.26,10.34,0.02,0.00,6822253.70,6.99,18.18,0.02,0.00,3481878.69,3.57,17.44,0.02,0.00
128,128,2,6959209.20,7.13,15.89,0.01,0.00,4185880.29,4.29,9.64,0.01,0.00,6935853.89,7.10,16.04,0.01,0.00,3516156.17,3.60,15.99,0.01,0.00
128,256,2,6984337.62,7.15,15.27,0.00,0.00,4190082.76,4.29,9.33,0.00,0.00,6973061.23,7.14,15.29,0.00,0.00,3524864.61,3.61,15.44,0.00,0.00
