msg size,window size,sg pieces,base_ops,base_gbps,base_pp,base_pcq,base_ecq,cpu_gather_ops,cpu_gather_gpbs,cpu_gather_pp,cpu_gather_pcq,cpu_gather_ecq,nic_gather_ops,nic_gather_gbps,nic_gather_pp,nic_gather_pcq,nic_gather_ecq,piece_by_piece_ops,piece_by_piece_gbps,piece_by_piece_pp,piece_by_piece_pcq,piece_by_piece_ecq
1024,1,16,359421.05,2.94,98.29,115.71,114.71,350548.72,2.87,98.22,118.07,117.07,318289.23,2.61,97.14,130.18,129.18,24223.59,0.20,98.14,106.64,105.64
1024,2,16,715708.44,5.86,96.57,52.70,51.70,650844.32,5.33,90.82,54.25,53.25,623935.46,5.11,94.46,60.21,59.21,47926.36,0.39,96.27,48.57,47.57
1024,4,16,1238262.61,10.14,92.86,26.15,25.29,1159739.25,9.50,79.34,23.05,22.20,958902.90,7.86,91.49,34.68,33.68,83451.85,0.68,93.23,23.40,22.44
1024,8,16,2262374.73,18.53,82.59,10.44,9.85,2042212.01,16.73,58.87,7.02,6.47,1722153.30,14.11,84.37,13.74,12.74,150984.73,1.24,83.49,9.25,8.54
1024,16,16,3741278.90,30.65,65.11,3.10,2.72,3394219.54,27.81,26.30,0.38,0.11,2193171.57,17.97,80.09,7.93,6.93,274714.09,2.25,59.67,2.09,1.70
1024,32,16,5843546.97,47.87,33.61,0.14,0.00,3946297.73,32.33,12.86,0.06,0.00,2391210.80,19.59,78.24,6.20,5.20,417144.55,3.42,24.80,0.09,0.00
1024,64,16,6710042.00,54.97,19.31,0.03,0.00,4074275.25,33.38,10.68,0.02,0.00,2454826.59,20.11,78.01,5.74,4.74,438199.96,3.59,17.81,0.02,0.00
1024,128,16,6845284.12,56.08,16.71,0.01,0.00,4030116.54,33.01,9.54,0.01,0.00,2456542.88,20.12,77.89,5.72,4.72,443790.68,3.64,16.20,0.01,0.00
1024,256,16,6951885.21,56.95,15.72,0.00,0.00,4053984.58,33.21,9.09,0.00,0.00,2519838.95,20.64,77.33,5.21,4.21,445287.79,3.65,15.63,0.00,0.00
