msg size,window size,sg pieces,base_ops,base_gbps,base_pp,base_pcq,base_ecq,cpu_gather_ops,cpu_gather_gpbs,cpu_gather_pp,cpu_gather_pcq,cpu_gather_ecq,nic_gather_ops,nic_gather_gbps,nic_gather_pp,nic_gather_pcq,nic_gather_ecq,piece_by_piece_ops,piece_by_piece_gbps,piece_by_piece_pp,piece_by_piece_pcq,piece_by_piece_ecq
128,1,1,384533.30,0.39,98.13,107.44,106.44,372268.72,0.38,98.11,110.59,109.59,383588.34,0.39,98.13,107.76,106.76,384243.73,0.39,98.16,107.67,106.67
128,2,1,761323.35,0.78,96.27,48.89,47.89,700782.39,0.72,90.65,49.69,48.69,763403.91,0.78,96.23,48.72,47.72,760236.14,0.78,96.29,49.00,48.00
128,4,1,1330568.30,1.36,92.79,23.49,22.57,1266114.15,1.30,79.26,20.20,19.26,1312986.59,1.34,93.04,23.90,22.96,1323691.02,1.36,93.57,23.58,22.59
128,8,1,2384908.98,2.44,82.80,9.35,8.68,2260496.88,2.31,61.99,6.37,5.70,2427273.89,2.49,82.44,9.17,8.52,2399134.19,2.46,82.71,9.25,8.61
128,16,1,4359911.38,4.46,58.65,2.00,1.63,3860463.55,3.95,26.66,0.37,0.06,4227976.64,4.33,61.54,2.46,2.05,4372969.52,4.48,59.77,2.06,1.68
128,32,1,6574694.58,6.73,24.34,0.10,0.00,4548054.57,4.66,14.02,0.06,0.00,6610041.23,6.77,23.92,0.10,0.00,6686807.45,6.85,25.00,0.10,0.00
128,64,1,6900028.54,7.07,17.57,0.02,0.00,4663849.94,4.78,11.80,0.02,0.00,6794189.54,6.96,19.01,0.03,0.00,7018142.86,7.19,17.75,0.02,0.00
128,128,1,7034693.70,7.20,16.11,0.01,0.00,4726109.28,4.84,11.05,0.01,0.00,6970618.15,7.14,15.99,0.01,0.00,7089003.84,7.26,16.25,0.01,0.00
128,256,1,7065016.73,7.23,15.49,0.00,0.00,4706609.98,4.82,10.52,0.00,0.00,6990064.32,7.16,15.30,0.00,0.00,7114550.14,7.29,15.61,0.00,0.00
