msg size,window size,sg pieces,base_ops,base_gbps,base_pp,base_pcq,base_ecq,cpu_gather_ops,cpu_gather_gpbs,cpu_gather_pp,cpu_gather_pcq,cpu_gather_ecq,nic_gather_ops,nic_gather_gbps,nic_gather_pp,nic_gather_pcq,nic_gather_ecq,piece_by_piece_ops,piece_by_piece_gbps,piece_by_piece_pp,piece_by_piece_pcq,piece_by_piece_ecq
1024,1,2,359568.58,2.95,98.28,115.61,114.61,350191.00,2.87,98.20,118.20,117.20,355127.96,2.91,98.16,117.18,116.18,184647.76,1.51,98.21,112.35,111.35
1024,2,2,713839.34,5.85,96.55,52.79,51.79,653350.57,5.35,90.46,53.77,52.77,704887.99,5.77,96.36,53.61,52.61,367321.12,3.01,96.41,51.09,50.09
1024,4,2,1232122.92,10.09,93.21,26.50,25.59,1177567.51,9.65,78.61,22.22,21.36,1233829.63,10.11,92.26,26.25,25.42,644879.43,5.28,92.47,24.55,23.66
1024,8,2,2254057.41,18.47,82.61,10.53,9.93,2064118.93,16.91,57.08,6.63,6.04,2298538.04,18.83,80.62,9.93,9.41,1147800.29,9.40,85.02,10.22,9.47
1024,16,2,3716460.99,30.45,65.58,3.17,2.78,3322983.70,27.22,21.18,0.27,0.02,3845007.40,31.50,62.76,2.78,2.43,2117473.27,17.35,61.70,2.42,2.01
1024,32,2,5905827.58,48.38,32.61,0.12,0.00,3679514.30,30.14,11.77,0.06,0.00,5925420.91,48.54,31.71,0.12,0.00,3343331.20,27.39,24.96,0.11,0.00
1024,64,2,6768167.50,55.44,18.70,0.03,0.00,3745526.49,30.68,9.60,0.02,0.00,6650582.18,54.48,19.44,0.03,0.00,3463211.36,28.37,18.49,0.02,0.00
1024,128,2,6859901.89,56.20,16.69,0.01,0.00,3802771.67,31.15,9.06,0.01,0.00,6797143.94,55.68,16.89,0.01,0.00,3524231.83,28.87,16.26,0.01,0.00
1024,256,2,6912177.89,56.62,15.63,0.00,0.00,3782626.03,30.99,8.53,0.00,0.00,6897751.83,56.51,15.64,0.00,0.00,3540032.79,29.00,15.56,0.00,0.00
