msg size,window size,sg pieces,base_ops,base_gbps,base_pp,base_pcq,base_ecq,cpu_gather_ops,cpu_gather_gpbs,cpu_gather_pp,cpu_gather_pcq,cpu_gather_ecq,nic_gather_ops,nic_gather_gbps,nic_gather_pp,nic_gather_pcq,nic_gather_ecq,piece_by_piece_ops,piece_by_piece_gbps,piece_by_piece_pp,piece_by_piece_pcq,piece_by_piece_ecq
512,1,16,368775.51,1.51,98.25,112.47,111.47,357696.88,1.47,98.14,115.50,114.50,319213.20,1.31,97.13,129.75,128.75,24416.53,0.10,98.08,105.49,104.49
512,2,16,734167.55,3.01,96.46,51.05,50.05,678340.45,2.78,91.66,52.35,51.35,628551.71,2.57,94.42,59.66,58.66,48142.01,0.20,96.24,48.27,47.27
512,4,16,1297747.15,5.32,93.59,24.19,23.21,1206214.94,4.94,81.41,22.29,21.31,950555.47,3.89,91.54,35.05,34.05,85837.69,0.35,93.24,22.41,21.43
512,8,16,2377513.07,9.74,83.63,9.36,8.65,2144447.96,8.78,65.57,7.66,6.93,1725297.00,7.07,84.29,13.55,12.55,150627.34,0.62,83.46,9.22,8.52
512,16,16,4196540.42,17.19,62.70,2.42,1.98,3768041.14,15.43,34.03,0.73,0.38,2201381.35,9.02,80.07,7.88,6.88,276341.28,1.13,59.34,1.97,1.59
512,32,16,6560896.27,26.87,24.61,0.11,0.00,4612555.36,18.89,14.76,0.06,0.00,2408705.75,9.87,77.56,5.88,4.88,418502.39,1.71,24.42,0.09,0.00
512,64,16,6823113.66,27.95,18.10,0.02,0.00,4808793.62,19.70,12.18,0.02,0.00,2476977.14,10.15,77.80,5.49,4.49,437994.33,1.79,17.89,0.02,0.00
512,128,16,6919775.71,28.34,16.12,0.01,0.00,4843936.16,19.84,11.26,0.01,0.00,2492640.91,10.21,77.55,5.34,4.34,443722.68,1.82,16.21,0.01,0.00
512,256,16,6958548.19,28.50,15.24,0.00,0.00,4857495.82,19.90,10.98,0.00,0.00,2500943.68,10.24,77.33,5.27,4.28,445011.60,1.82,15.63,0.00,0.00
