msg size,window size,sg pieces,base_ops,base_gbps,base_pp,base_pcq,base_ecq,cpu_gather_ops,cpu_gather_gpbs,cpu_gather_pp,cpu_gather_pcq,cpu_gather_ecq,nic_gather_ops,nic_gather_gbps,nic_gather_pp,nic_gather_pcq,nic_gather_ecq,piece_by_piece_ops,piece_by_piece_gbps,piece_by_piece_pp,piece_by_piece_pcq,piece_by_piece_ecq
128,1,16,383394.13,0.39,98.18,107.80,106.80,372828.41,0.38,98.10,110.44,109.44,327042.37,0.33,97.07,126.37,125.37,24285.80,0.02,97.78,105.79,104.79
128,2,16,759414.59,0.78,96.34,49.01,48.01,711132.29,0.73,91.51,49.47,48.47,645251.37,0.66,94.28,57.80,56.80,48308.46,0.05,96.21,47.99,46.99
128,4,16,1339947.54,1.37,93.50,23.09,22.09,1275408.80,1.31,81.37,20.81,19.90,960854.10,0.98,91.22,34.43,33.43,85375.51,0.09,92.88,22.57,21.63
128,8,16,2383444.26,2.44,82.90,9.31,8.65,2287061.19,2.34,66.47,6.91,6.24,1726584.62,1.77,84.51,13.57,12.58,151428.02,0.16,83.72,9.07,8.35
128,16,16,4354430.05,4.46,59.08,1.98,1.61,3991601.67,4.09,32.44,0.51,0.17,2206401.01,2.26,80.27,7.86,6.86,277776.71,0.28,59.45,1.94,1.56
128,32,16,6622694.30,6.78,23.37,0.09,0.00,4958455.11,5.08,15.45,0.06,0.00,2386676.75,2.44,78.51,6.32,5.33,420924.64,0.43,24.16,0.11,0.00
128,64,16,6883695.35,7.05,17.60,0.02,0.00,5133916.02,5.26,13.16,0.02,0.00,2507830.05,2.57,77.55,5.26,4.26,436755.38,0.45,18.30,0.02,0.00
128,128,16,6963499.77,7.13,15.95,0.01,0.00,5179776.43,5.30,11.98,0.01,0.00,2528746.40,2.59,77.00,5.01,4.01,444489.40,0.46,16.30,0.01,0.00
128,256,16,6980527.47,7.15,15.28,0.00,0.00,5174057.49,5.30,11.52,0.00,0.00,2534223.15,2.60,75.70,4.74,3.74,446347.97,0.46,15.69,0.00,0.00
