msg size,window size,mbufs,odp buf size,write_ops,write_gbps,read_ops,read_gbps,write_pp,write_pcq,write_ecq
64,64,1,4096,6776554.54,3.47,0.00,0.00,16.88,0.02,0.00
64,64,1,8192,6769715.71,3.47,0.00,0.00,16.97,0.02,0.00
64,64,1,16384,6777664.79,3.47,0.00,0.00,16.86,0.02,0.00
64,64,1,32768,6779927.10,3.47,0.00,0.00,16.85,0.02,0.00
64,64,1,65536,6778267.06,3.47,0.00,0.00,16.88,0.02,0.00
64,64,1,131072,6779087.68,3.47,0.00,0.00,16.86,0.02,0.00
64,64,1,262144,6773868.32,3.47,0.00,0.00,16.91,0.02,0.00
64,64,1,524288,6779038.17,3.47,0.00,0.00,16.88,0.03,0.01
64,64,1,1048576,6770812.20,3.47,0.00,0.00,16.97,0.03,0.01
64,64,1,2097152,6761990.89,3.46,0.00,0.00,17.07,0.04,0.02
64,64,1,4194304,6737326.37,3.45,0.00,0.00,17.38,0.06,0.04
64,64,1,8388608,6701958.72,3.43,0.00,0.00,17.82,0.10,0.09
64,64,1,16777216,6615115.35,3.39,0.00,0.00,18.89,0.19,0.17
64,64,1,33554432,6441546.49,3.30,0.00,0.00,21.01,0.37,0.35
64,64,1,67108864,6110090.57,3.13,0.00,0.00,25.07,0.75,0.73
64,64,1,134217728,5451257.02,2.79,0.00,0.00,33.16,1.65,1.62
64,64,1,268435456,4181594.86,2.14,0.00,0.00,48.71,4.16,4.14
64,64,1,536870912,1445366.34,0.74,0.00,0.00,82.24,24.64,24.61
64,64,1,1073741824,23207.92,0.01,0.00,0.00,99.67,1943.06,1942.22
64,64,1,2147483648,17702.29,0.01,0.00,0.00,99.73,2550.00,2549.04
64,64,1,4294967296,0.00,0.00,0.00,0.00,0.00,0.00,0.00
