msg size,window size,sg pieces,base_ops,base_gbps,base_pp,base_pcq,base_ecq,cpu_gather_ops,cpu_gather_gpbs,cpu_gather_pp,cpu_gather_pcq,cpu_gather_ecq,nic_gather_ops,nic_gather_gbps,nic_gather_pp,nic_gather_pcq,nic_gather_ecq,piece_by_piece_ops,piece_by_piece_gbps,piece_by_piece_pp,piece_by_piece_pcq,piece_by_piece_ecq
720,128,1,6964831.09,40.12,15.35,0.01,0.00,5661134.75,32.61,12.57,0.01,0.00,6947458.31,40.02,15.33,0.01,0.00,6900929.64,39.75,15.18,0.01,0.00
720,128,2,6979811.85,40.20,15.31,0.01,0.00,5769622.14,33.23,12.62,0.01,0.00,6847189.00,39.44,15.03,0.01,0.00,3466795.30,19.97,15.17,0.01,0.00
720,128,3,6964717.70,40.12,15.38,0.01,0.00,5753761.50,33.14,12.72,0.01,0.00,5853819.81,33.72,12.95,0.01,0.00,2317360.69,13.35,15.14,0.01,0.00
720,128,4,6984316.89,40.23,15.25,0.01,0.00,5772561.60,33.25,12.66,0.01,0.00,5922722.24,34.11,13.07,0.01,0.00,1739859.06,10.02,15.12,0.01,0.00
720,128,5,6968397.71,40.14,15.35,0.01,0.00,5797343.32,33.39,12.79,0.01,0.00,5833798.73,33.60,13.06,0.01,0.00,1392359.64,8.02,15.15,0.01,0.00
720,128,6,6980046.93,40.21,15.28,0.01,0.00,5929332.64,34.15,12.98,0.01,0.00,5703271.26,32.85,12.70,0.01,0.00,1160954.57,6.69,15.16,0.01,0.00
720,128,8,6975332.70,40.18,15.35,0.01,0.00,5964382.81,34.35,13.03,0.01,0.00,5347293.10,30.80,11.99,0.01,0.00,871227.37,5.02,15.09,0.01,0.00
720,128,9,6962917.94,40.11,15.39,0.01,0.00,5959891.33,34.33,13.17,0.01,0.00,4714431.19,27.16,32.43,0.41,0.13,774417.51,4.46,15.11,0.01,0.00
720,128,10,6980792.44,40.21,15.32,0.01,0.00,5972048.88,34.40,13.11,0.01,0.00,4480473.31,25.81,40.47,0.65,0.22,697384.78,4.02,15.07,0.01,0.00
720,128,12,6983854.11,40.23,15.30,0.01,0.00,6018650.49,34.67,13.17,0.01,0.00,3760210.83,21.66,60.06,1.34,0.47,581067.27,3.35,15.09,0.01,0.00
720,128,15,6961262.66,40.10,15.43,0.01,0.00,6034407.14,34.76,13.36,0.01,0.00,2568804.13,14.80,77.39,4.98,3.99,465399.12,2.68,15.04,0.01,0.00
720,128,16,6980285.67,40.21,15.29,0.01,0.00,6046869.02,34.83,13.22,0.01,0.00,2396953.88,13.81,78.23,6.32,5.32,435640.18,2.51,15.15,0.01,0.00
720,128,18,6978833.37,40.20,15.31,0.01,0.00,6043442.90,34.81,13.26,0.01,0.00,2388962.11,13.76,77.11,6.09,5.09,387460.58,2.23,15.11,0.01,0.00
720,128,20,6981692.26,40.21,15.28,0.01,0.00,6033330.74,34.75,13.21,0.01,0.00,2230967.04,12.85,77.44,7.08,6.08,348622.64,2.01,15.13,0.01,0.00
720,128,24,6981199.98,40.21,15.26,0.01,0.00,6097598.16,35.12,13.33,0.01,0.00,1556855.72,8.97,81.96,15.14,14.14,290703.34,1.67,15.09,0.01,0.00
