msg size,window size,sg pieces,base_ops,base_gbps,base_pp,base_pcq,base_ecq,cpu_gather_ops,cpu_gather_gpbs,cpu_gather_pp,cpu_gather_pcq,cpu_gather_ecq,nic_gather_ops,nic_gather_gbps,nic_gather_pp,nic_gather_pcq,nic_gather_ecq,piece_by_piece_ops,piece_by_piece_gbps,piece_by_piece_pp,piece_by_piece_pcq,piece_by_piece_ecq
1440,128,1,6912190.59,79.63,15.56,0.01,0.00,4338814.18,49.98,9.71,0.01,0.00,6896439.14,79.45,15.51,0.01,0.00,6839662.78,78.79,15.39,0.01,0.00
1440,128,2,6870265.39,79.15,15.62,0.01,0.00,5159702.86,59.44,11.51,0.01,0.00,6742718.70,77.68,15.26,0.01,0.00,3446692.88,39.71,15.24,0.01,0.00
1440,128,3,6909992.88,79.60,15.58,0.01,0.00,5362786.81,61.78,11.82,0.01,0.00,5885240.27,67.80,13.13,0.01,0.00,2305112.51,26.55,15.22,0.01,0.00
1440,128,4,6874334.21,79.19,15.57,0.01,0.00,5394704.42,62.15,11.98,0.01,0.00,5859297.45,67.50,13.23,0.01,0.00,1733543.71,19.97,15.13,0.01,0.00
1440,128,5,6908984.28,79.59,15.62,0.01,0.00,5483249.20,63.17,12.06,0.01,0.00,5815165.57,66.99,13.02,0.01,0.00,1391083.83,16.03,15.03,0.01,0.00
1440,128,6,6875551.73,79.21,15.53,0.01,0.00,5726385.99,65.97,12.73,0.01,0.00,5645320.98,65.03,12.92,0.01,0.00,1159644.86,13.36,15.05,0.01,0.00
1440,128,8,6877976.09,79.23,15.54,0.01,0.00,5649530.42,65.08,12.54,0.01,0.00,4068545.47,46.87,55.68,1.08,0.42,869137.00,10.01,15.17,0.01,0.00
1440,128,9,6909628.44,79.60,15.58,0.01,0.00,5722908.73,65.93,12.63,0.01,0.00,4293817.71,49.46,50.57,0.87,0.27,773517.65,8.91,15.13,0.01,0.00
1440,128,10,6876018.51,79.21,15.63,0.01,0.00,5775568.24,66.53,12.78,0.01,0.00,4136989.16,47.66,53.80,0.96,0.28,696688.00,8.03,15.06,0.01,0.00
1440,128,12,6874699.12,79.20,15.58,0.01,0.00,5816275.66,67.00,12.91,0.01,0.00,3613034.69,41.62,64.07,1.51,0.52,580328.37,6.69,15.10,0.01,0.00
1440,128,15,6912776.68,79.64,15.56,0.01,0.00,5893969.60,67.90,13.04,0.01,0.00,2505946.65,28.87,77.60,5.37,4.37,464647.35,5.35,15.09,0.01,0.00
1440,128,16,6874474.19,79.19,15.55,0.01,0.00,5833962.30,67.21,12.99,0.01,0.00,2394492.26,27.58,77.69,6.06,5.06,435584.61,5.02,15.07,0.01,0.00
1440,128,18,6875896.42,79.21,15.55,0.01,0.00,5865999.73,67.58,13.15,0.01,0.00,2339318.29,26.95,77.04,6.38,5.38,387118.81,4.46,15.12,0.01,0.00
1440,128,20,6876739.15,79.22,15.54,0.01,0.00,5841872.71,67.30,13.10,0.01,0.00,2161670.84,24.90,76.39,7.29,6.30,348488.03,4.01,15.08,0.01,0.00
1440,128,24,6874386.25,79.19,15.57,0.01,0.00,5859640.28,67.50,13.13,0.01,0.00,1535692.17,17.69,82.35,15.56,14.56,290284.19,3.34,15.13,0.01,0.00
