msg size,window size,sg pieces,base_ops,base_gbps,base_pp,base_pcq,base_ecq,cpu_gather_ops,cpu_gather_gpbs,cpu_gather_pp,cpu_gather_pcq,cpu_gather_ecq,nic_gather_ops,nic_gather_gbps,nic_gather_pp,nic_gather_pcq,nic_gather_ecq,piece_by_piece_ops,piece_by_piece_gbps,piece_by_piece_pp,piece_by_piece_pcq,piece_by_piece_ecq
720,128,1,7138345.31,41.12,16.03,0.01,0.00,5846124.42,33.67,13.10,0.01,0.00,7122938.67,41.03,15.92,0.01,0.00,7093992.42,40.86,15.78,0.01,0.00
720,128,2,7145323.15,41.16,15.92,0.01,0.00,5938402.52,34.21,13.19,0.01,0.00,7001943.65,40.33,15.72,0.01,0.00,3562282.87,20.52,15.79,0.01,0.00
720,128,3,7146649.60,41.16,15.89,0.01,0.00,5958320.50,34.32,13.12,0.01,0.00,6582710.48,37.92,14.83,0.01,0.00,2380983.28,13.71,15.69,0.01,0.00
720,128,4,7144534.99,41.15,15.95,0.01,0.00,5933220.04,34.18,13.19,0.01,0.00,6616605.66,38.11,15.03,0.01,0.00,1787268.03,10.29,15.71,0.01,0.00
720,128,5,7142829.77,41.14,15.96,0.01,0.00,6002886.08,34.58,13.27,0.01,0.00,6531545.54,37.62,14.82,0.01,0.00,1429802.58,8.24,15.73,0.01,0.00
720,128,6,7147650.05,41.17,15.90,0.01,0.00,6070972.31,34.97,13.44,0.01,0.00,6361176.81,36.64,15.14,0.02,0.00,1191638.45,6.86,15.75,0.01,0.00
720,128,8,7139265.74,41.12,15.99,0.01,0.00,6100621.91,35.14,13.54,0.01,0.00,4763023.14,27.44,50.44,0.85,0.35,894179.56,5.15,15.68,0.01,0.00
720,128,9,7140088.18,41.13,16.00,0.01,0.00,6115153.23,35.22,13.58,0.01,0.00,4627709.50,26.66,54.83,0.97,0.36,795121.70,4.58,15.71,0.01,0.00
720,128,10,7139826.45,41.13,16.01,0.01,0.00,6108003.11,35.18,13.58,0.01,0.00,4342553.85,25.01,61.99,1.32,0.52,715873.23,4.12,15.67,0.01,0.00
720,128,12,7149137.55,41.18,15.89,0.01,0.00,6097600.28,35.12,13.59,0.01,0.00,3737890.43,21.53,69.60,2.07,1.10,596411.59,3.44,15.72,0.01,0.00
720,128,15,7142395.50,41.14,15.95,0.01,0.00,6139022.91,35.36,13.68,0.01,0.00,2519540.34,14.51,77.46,5.35,4.35,477779.30,2.75,15.61,0.01,0.00
720,128,16,7141024.61,41.13,15.99,0.01,0.00,6124595.62,35.28,13.71,0.01,0.00,2452258.90,14.13,77.51,5.68,4.68,447354.81,2.58,15.72,0.01,0.00
720,128,18,7139434.19,41.12,16.01,0.01,0.00,6132939.70,35.33,13.71,0.01,0.00,2338291.75,13.47,77.66,6.41,5.42,398092.64,2.29,15.64,0.01,0.00
720,128,20,7143812.97,41.15,15.96,0.01,0.00,6138588.99,35.36,13.67,0.01,0.00,2263369.70,13.04,77.16,6.69,5.69,358190.06,2.06,15.66,0.01,0.00
720,128,24,7136794.60,41.11,16.04,0.01,0.00,6154163.74,35.45,13.69,0.01,0.00,1569508.84,9.04,82.02,14.84,13.84,298489.19,1.72,15.66,0.01,0.00
