msg size,window size,sg pieces,base_ops,base_gbps,base_pp,base_pcq,base_ecq,cpu_gather_ops,cpu_gather_gpbs,cpu_gather_pp,cpu_gather_pcq,cpu_gather_ecq,nic_gather_ops,nic_gather_gbps,nic_gather_pp,nic_gather_pcq,nic_gather_ecq,piece_by_piece_ops,piece_by_piece_gbps,piece_by_piece_pp,piece_by_piece_pcq,piece_by_piece_ecq
1440,128,1,6674262.45,76.89,24.03,0.09,0.01,4484561.63,51.66,10.07,0.01,0.00,6697875.87,77.16,23.13,0.08,0.00,6632855.97,76.41,23.55,0.09,0.01
1440,128,2,6699673.14,77.18,23.40,0.08,0.00,5320074.43,61.29,11.96,0.01,0.00,6802262.50,78.36,18.70,0.04,0.00,3547490.21,40.87,15.79,0.01,0.00
1440,128,3,6709253.29,77.29,23.26,0.08,0.00,5480697.16,63.14,12.34,0.01,0.00,5928088.45,68.29,28.75,0.18,0.02,2369941.35,27.30,15.85,0.01,0.00
1440,128,4,6676425.96,76.91,23.89,0.09,0.01,5575192.62,64.23,12.46,0.01,0.00,5544946.51,63.88,39.42,0.42,0.13,1782324.76,20.53,15.74,0.01,0.00
1440,128,5,6563921.17,75.62,26.13,0.14,0.04,5608168.65,64.61,12.59,0.01,0.00,5704715.33,65.72,33.29,0.31,0.08,1428908.12,16.46,15.68,0.01,0.00
1440,128,6,6506050.45,74.95,27.32,0.17,0.05,5899457.28,67.96,13.34,0.01,0.00,5773408.42,66.51,28.56,0.22,0.04,1190741.10,13.72,15.71,0.01,0.00
1440,128,8,6511812.82,75.02,27.25,0.16,0.04,5850340.43,67.40,13.17,0.01,0.00,4029948.83,46.43,67.03,2.06,1.26,893765.39,10.30,15.71,0.01,0.00
1440,128,9,6703881.63,77.23,23.48,0.08,0.00,5869378.99,67.62,13.20,0.01,0.00,4223364.97,48.65,66.22,1.63,0.77,794832.93,9.16,15.72,0.01,0.00
1440,128,10,6668451.35,76.82,24.14,0.10,0.01,5953227.24,68.58,13.49,0.01,0.00,4092107.60,47.14,68.61,1.66,0.71,716142.57,8.25,15.63,0.01,0.00
1440,128,12,6607467.81,76.12,25.39,0.12,0.02,5983120.39,68.93,13.66,0.01,0.00,3573447.82,41.17,72.19,2.10,1.10,596710.85,6.87,15.65,0.01,0.00
1440,128,15,6574340.72,75.74,25.89,0.13,0.02,6010035.71,69.24,13.87,0.01,0.00,2497706.20,28.77,78.77,5.50,4.50,477768.11,5.50,15.62,0.01,0.00
1440,128,16,6516682.75,75.07,27.02,0.17,0.05,5980336.83,68.89,13.87,0.01,0.00,2361711.10,27.21,78.66,6.50,5.50,447657.56,5.16,15.65,0.01,0.00
1440,128,18,6535072.95,75.28,26.50,0.15,0.04,6033573.95,69.51,13.94,0.01,0.00,2246165.58,25.88,79.01,7.38,6.38,397810.46,4.58,15.70,0.01,0.00
1440,128,20,6706909.87,77.26,23.30,0.08,0.00,6019133.52,69.34,13.93,0.01,0.00,2178902.35,25.10,77.35,7.31,6.31,358070.16,4.12,15.68,0.01,0.00
1440,128,24,6659748.12,76.72,24.36,0.10,0.01,6002481.37,69.15,13.78,0.01,0.00,1477690.35,17.02,83.72,16.86,15.86,298506.40,3.44,15.66,0.01,0.00
