msg size,write,read
64,2.23,2.26
128,2.24,2.29
192,2.27,2.31
256,2.28,2.33
320,2.29,2.33
384,2.30,2.36
448,2.36,2.36
512,2.35,2.40
576,2.36,2.40
640,2.40,2.41
704,2.46,2.43
768,2.41,2.42
832,2.39,2.43
896,2.41,2.44
960,2.41,2.46
1024,2.43,2.48
1088,2.49,2.53
1152,2.50,2.59
1216,2.59,2.62
1280,2.52,2.62
1344,2.53,2.59
1408,2.52,2.61
1472,2.59,2.62
1536,2.54,2.67
1600,2.60,2.57
1664,2.63,2.62
1728,2.57,2.65
1792,2.60,2.64
1856,2.68,2.59
1920,2.56,2.65
1984,2.60,2.67
2048,2.60,2.67
2112,2.65,2.64
2176,2.63,2.71
2240,2.72,2.74
2304,2.69,2.74
2368,2.65,2.72
2432,2.67,2.73
2496,2.72,2.77
2560,2.80,2.77
