msg size,window size,mbufs,write_ops,write_gbps,read_ops,read_gbps,write_pp,write_pcq,write_ecq
64,1,1,447846.12,0.23,441895.30,0.23,97.70,90.51,89.51
64,2,1,892990.95,0.46,878929.56,0.45,95.35,39.86,38.86
64,4,1,1724265.17,0.88,1656557.16,0.85,91.05,15.36,14.36
64,8,1,2882280.84,1.48,3019749.59,1.55,82.36,5.13,4.26
64,16,1,5319564.56,2.72,5349698.85,2.74,52.43,0.59,0.14
64,32,1,6756121.22,3.46,0.00,0.00,20.15,0.06,0.00
64,64,1,6906637.65,3.54,0.00,0.00,16.42,0.02,0.00
64,128,1,6976006.64,3.57,0.00,0.00,15.07,0.01,0.00
64,256,1,6989585.52,3.58,0.00,0.00,14.56,0.00,0.00
