msg size,window size,sg pieces,base_ops,base_gbps,base_pp,base_pcq,base_ecq,cpu_gather_ops,cpu_gather_gpbs,cpu_gather_pp,cpu_gather_pcq,cpu_gather_ecq,nic_gather_ops,nic_gather_gbps,nic_gather_pp,nic_gather_pcq,nic_gather_ecq,piece_by_piece_ops,piece_by_piece_gbps,piece_by_piece_pp,piece_by_piece_pcq,piece_by_piece_ecq
64,128,1,6968611.98,3.57,15.96,0.01,0.00,4157716.03,2.13,9.60,0.01,0.00,6955352.64,3.56,16.12,0.01,0.00,7096541.26,3.63,16.22,0.01,0.00
128,128,1,6966582.09,7.13,15.95,0.01,0.00,4679958.44,4.79,10.98,0.01,0.00,6963486.44,7.13,16.00,0.01,0.00,7091023.88,7.26,16.22,0.01,0.00
192,128,1,6960636.99,10.69,15.98,0.01,0.00,4458013.90,6.85,10.48,0.01,0.00,6960765.38,10.69,16.04,0.01,0.00,7082292.30,10.88,16.24,0.01,0.00
256,128,1,6950954.24,14.24,15.99,0.01,0.00,4397618.99,9.01,10.48,0.01,0.00,6955038.20,14.24,16.04,0.01,0.00,7079907.77,14.50,16.27,0.01,0.00
320,128,1,6946012.43,17.78,16.00,0.01,0.00,4364868.81,11.17,10.17,0.01,0.00,6956313.05,17.81,16.01,0.01,0.00,7070723.29,18.10,16.26,0.01,0.00
384,128,1,6947581.73,21.34,15.99,0.01,0.00,4262180.46,13.09,9.92,0.01,0.00,6954051.54,21.36,16.00,0.01,0.00,7062514.50,21.70,16.33,0.01,0.00
448,128,1,6930116.36,24.84,16.09,0.01,0.00,4132076.28,14.81,9.87,0.01,0.00,6938326.45,24.87,16.07,0.01,0.00,7060751.31,25.31,16.29,0.01,0.00
512,128,1,6923584.23,28.36,16.11,0.01,0.00,3992833.38,16.35,9.40,0.01,0.00,6927985.00,28.38,16.16,0.01,0.00,7043923.56,28.85,16.35,0.01,0.00
576,128,1,6927614.41,31.92,16.00,0.01,0.00,3536549.20,16.30,8.31,0.01,0.00,6923001.76,31.90,16.15,0.01,0.00,7039419.78,32.44,16.35,0.01,0.00
640,128,1,6918755.16,35.42,16.05,0.01,0.00,3274852.51,16.77,7.62,0.01,0.00,6923081.24,35.45,16.07,0.01,0.00,7043782.06,36.06,16.30,0.01,0.00
704,128,1,6912847.46,38.93,16.12,0.01,0.00,3116513.45,17.55,7.36,0.01,0.00,6922219.83,38.99,16.09,0.01,0.00,7033098.73,39.61,16.28,0.01,0.00
768,128,1,6905739.88,42.43,16.17,0.01,0.00,3056750.67,18.78,7.13,0.01,0.00,6911292.60,42.46,16.12,0.01,0.00,7026416.87,43.17,16.38,0.01,0.00
832,128,1,6902452.10,45.94,16.14,0.01,0.00,2920844.01,19.44,6.98,0.01,0.00,6886456.20,45.84,16.48,0.01,0.00,7015388.78,46.69,16.39,0.01,0.00
896,128,1,6904156.84,49.49,16.09,0.01,0.00,2864013.76,20.53,6.69,0.01,0.00,6904509.24,49.49,16.00,0.01,0.00,7017995.10,50.30,16.38,0.01,0.00
960,128,1,6901842.43,53.01,16.11,0.01,0.00,2779219.02,21.34,6.50,0.01,0.00,6863889.08,52.71,16.83,0.02,0.00,7015397.39,53.88,16.31,0.01,0.00
1024,128,1,6850933.35,56.12,16.71,0.01,0.00,2586404.44,21.19,6.04,0.01,0.00,6828188.93,55.94,16.93,0.01,0.00,6943625.32,56.88,17.17,0.01,0.00
1088,128,1,6865531.27,59.76,16.51,0.01,0.00,2554071.83,22.23,6.05,0.01,0.00,6329566.27,55.09,26.61,0.12,0.01,6967370.24,60.64,16.80,0.01,0.00
1152,128,1,6865540.82,63.27,16.54,0.01,0.00,2455442.70,22.63,5.71,0.01,0.00,6872691.99,63.34,16.42,0.01,0.00,6964045.94,64.18,16.87,0.01,0.00
1216,128,1,6859777.01,66.73,16.64,0.01,0.00,2408736.42,23.43,5.62,0.01,0.00,6529325.07,63.52,22.96,0.07,0.00,6956755.24,67.68,16.97,0.01,0.00
1280,128,1,6831678.56,69.96,17.08,0.02,0.00,2313908.81,23.69,5.46,0.01,0.00,6751729.69,69.14,18.51,0.03,0.00,6913479.64,70.79,17.67,0.02,0.00
1344,128,1,6827208.18,73.41,17.08,0.02,0.00,2276301.11,24.47,5.29,0.01,0.00,6750623.97,72.58,18.77,0.03,0.00,6914302.56,74.34,17.56,0.02,0.00
1408,128,1,6757572.69,76.12,18.37,0.03,0.00,2202453.60,24.81,5.12,0.01,0.00,6587322.51,74.20,21.86,0.07,0.00,6798166.45,76.57,19.61,0.04,0.00
1472,128,1,6649871.08,78.31,20.44,0.05,0.00,2173868.24,25.60,5.06,0.01,0.00,6407631.58,75.46,25.47,0.11,0.01,6643601.13,78.24,22.69,0.07,0.00
1536,128,1,6281858.62,77.19,28.22,0.20,0.06,2128890.71,26.16,5.03,0.01,0.00,6247564.22,76.77,28.91,0.20,0.05,6298933.20,77.40,29.82,0.23,0.08
1600,128,1,6154611.76,78.78,30.73,0.26,0.09,2091219.52,26.77,4.85,0.01,0.00,6210034.38,79.49,29.70,0.20,0.05,6224799.97,79.68,31.39,0.25,0.08
1664,128,1,5811332.24,77.36,37.15,0.56,0.33,2033766.45,27.07,4.81,0.01,0.00,6094915.95,81.14,32.17,0.27,0.09,6066858.90,80.76,34.59,0.38,0.18
1728,128,1,5933252.65,82.02,35.89,0.46,0.23,1993381.11,27.56,4.72,0.01,0.00,5950456.85,82.26,36.88,0.44,0.19,5895865.81,81.50,39.25,0.56,0.30
1792,128,1,5696243.52,81.66,43.01,0.72,0.40,1940935.80,27.83,4.51,0.01,0.00,5660517.02,81.15,44.35,0.71,0.38,5685458.57,81.51,45.48,0.80,0.45
1856,128,1,5605851.53,83.24,46.26,0.76,0.40,1911599.97,28.38,4.62,0.01,0.00,5635009.19,83.67,48.21,0.74,0.33,5619813.64,83.44,48.56,0.82,0.42
1920,128,1,5476050.93,84.11,51.44,0.88,0.43,1858250.46,28.54,4.32,0.01,0.00,5479335.30,84.16,54.02,0.91,0.40,5502332.38,84.52,53.91,0.92,0.42
1984,128,1,5367189.68,85.19,55.91,0.95,0.42,1841467.21,29.23,4.28,0.01,0.00,5080724.83,80.64,61.36,1.43,0.82,5343324.36,84.81,59.09,1.06,0.46
2048,128,1,5065082.38,82.99,69.12,1.56,0.73,1799329.21,29.48,4.19,0.01,0.00,4927628.70,80.73,71.97,1.82,0.93,5133183.49,84.10,72.28,1.57,0.65
2112,128,1,4839093.54,81.76,74.05,1.60,0.67,1790525.56,30.25,4.26,0.01,0.00,4797284.63,81.05,75.07,1.68,0.72,4814708.99,81.35,74.53,1.66,0.72
2176,128,1,4763236.82,82.92,72.83,1.51,0.63,1745169.02,30.38,4.06,0.01,0.00,4754150.35,82.76,73.88,1.52,0.60,4745896.36,82.62,74.22,1.59,0.67
2240,128,1,4666697.95,83.63,76.16,1.57,0.60,1724274.98,30.90,4.02,0.01,0.00,4532250.01,81.22,76.83,1.81,0.84,4586537.89,82.19,76.81,1.74,0.76
2304,128,1,4580960.13,84.44,76.66,1.55,0.58,1678112.51,30.93,3.91,0.01,0.00,4556995.61,83.99,76.79,1.57,0.59,4578053.74,84.38,76.92,1.57,0.59
2368,128,1,4550088.56,86.20,77.02,1.41,0.43,1649877.86,31.26,3.83,0.01,0.00,4335859.49,82.14,78.07,1.86,0.87,4484115.29,84.95,77.48,1.56,0.58
2432,128,1,4401324.89,85.63,77.91,1.51,0.52,1612220.70,31.37,3.75,0.01,0.00,4428242.29,86.16,77.78,1.42,0.43,4329379.54,84.23,78.50,1.68,0.69
2496,128,1,4371365.70,87.29,78.11,1.38,0.40,1597837.97,31.91,3.80,0.01,0.00,4350979.98,86.88,78.10,1.38,0.39,4352044.92,86.90,78.34,1.44,0.45
2560,128,1,4170999.15,85.42,79.12,1.62,0.63,1564076.70,32.03,3.82,0.01,0.00,4197881.12,85.97,79.00,1.52,0.53,4192460.85,85.86,78.46,1.57,0.59
2624,128,1,4053172.10,85.08,79.85,1.73,0.74,1542904.05,32.39,3.58,0.01,0.00,4155109.91,87.22,79.18,1.41,0.42,4102962.00,86.13,79.75,1.62,0.63
2688,128,1,4096315.36,88.09,79.72,1.39,0.40,1502412.50,32.31,3.50,0.01,0.00,3946157.23,84.86,79.75,1.74,0.75,4096963.09,88.10,79.84,1.40,0.41
2752,128,1,4009876.50,88.28,80.18,1.40,0.41,1492298.73,32.85,3.48,0.01,0.00,4012465.16,88.34,80.08,1.34,0.34,3894442.27,85.74,80.91,1.73,0.74
2816,128,1,3902091.50,87.91,80.71,1.48,0.48,1464974.70,33.00,3.58,0.01,0.00,3874261.78,87.28,80.62,1.51,0.51,3894793.49,87.74,78.81,1.49,0.49
2880,128,1,3887166.44,89.56,80.85,1.31,0.32,1453151.30,33.48,3.39,0.01,0.00,3759648.64,86.62,81.37,1.64,0.65,3873558.44,89.25,81.02,1.37,0.37
2944,128,1,3818574.99,89.94,81.22,1.30,0.30,1424066.95,33.54,3.31,0.01,0.00,3789761.27,89.26,81.25,1.34,0.34,3716600.08,87.53,81.36,1.63,0.64
3008,128,1,3758721.87,90.45,81.53,1.32,0.33,1411845.10,33.97,3.29,0.01,0.00,3730393.21,89.77,81.56,1.33,0.33,3722549.87,89.58,81.74,1.48,0.48
3072,128,1,3600740.73,88.49,82.34,1.64,0.64,1385678.97,34.05,3.22,0.01,0.00,3606058.67,88.62,82.18,1.60,0.60,3575219.30,87.86,82.47,1.76,0.76
3136,128,1,3503032.79,87.88,82.70,1.93,0.94,1378260.02,34.58,3.21,0.01,0.00,3470188.01,87.06,82.68,1.95,0.96,3519968.35,88.31,82.71,1.96,0.97
3200,128,1,3428393.30,87.77,83.10,2.20,1.20,1354942.29,34.69,3.15,0.01,0.00,3429134.26,87.79,82.93,2.12,1.12,3463187.57,88.66,82.90,2.14,1.14
3264,128,1,3459660.53,90.34,82.27,1.95,0.96,1340805.31,35.01,3.12,0.01,0.00,3325402.83,86.83,83.48,2.55,1.55,3428525.92,89.53,82.87,2.24,1.25
3328,128,1,3289395.66,87.58,83.86,2.78,1.78,1315580.25,35.03,3.15,0.01,0.00,3291513.21,87.63,83.68,2.72,1.72,3331679.77,88.70,83.72,2.70,1.70
3392,128,1,3326874.24,90.28,83.63,2.59,1.59,1301380.90,35.31,3.02,0.01,0.00,3344636.20,90.76,83.40,2.46,1.46,3285376.06,89.15,83.95,2.88,1.88
3456,128,1,3288500.97,90.92,83.89,2.81,1.82,1281304.40,35.43,2.98,0.01,0.00,3270458.20,90.42,83.82,2.85,1.85,3286652.49,90.87,83.92,2.92,1.92
3520,128,1,3203707.57,90.22,84.22,3.21,2.21,1265510.09,35.64,3.12,0.01,0.00,3233841.43,91.06,83.99,3.03,2.03,3228644.96,90.92,84.22,3.20,2.20
3584,128,1,3181341.72,91.22,84.41,3.26,2.26,1240194.92,35.56,2.97,0.01,0.00,3145919.00,90.20,84.37,3.38,2.38,3166381.18,90.79,84.53,3.42,2.42
3648,128,1,3106248.45,90.65,84.66,3.59,2.60,1235314.38,36.05,2.87,0.01,0.00,3130074.96,91.35,84.45,3.44,2.44,3128822.49,91.31,84.64,3.58,2.59
3712,128,1,2944267.44,87.43,85.55,4.48,3.48,1212131.60,36.00,2.91,0.01,0.00,3080757.70,91.49,84.73,3.67,2.67,3080722.63,91.49,84.93,3.82,2.82
3776,128,1,3033007.26,91.62,85.02,3.94,2.94,1201729.12,36.30,2.80,0.01,0.00,3032215.29,91.60,84.95,3.92,2.92,3019535.97,91.21,85.18,4.10,3.11
3840,128,1,2970093.26,91.24,83.97,3.99,2.99,1177210.95,36.16,2.83,0.01,0.00,2965870.94,91.11,85.32,4.22,3.23,2879362.81,88.45,85.96,4.85,3.85
3904,128,1,2898985.64,90.54,85.71,4.64,3.65,1172246.36,36.61,2.73,0.01,0.00,2929119.95,91.48,85.49,4.43,3.43,2941533.48,91.87,85.58,4.50,3.50
3968,128,1,2869582.93,91.09,85.96,4.81,3.81,1153574.08,36.62,2.69,0.01,0.00,2881162.77,91.46,85.77,4.67,3.67,2895128.70,91.90,85.88,4.75,3.76
4032,128,1,2855360.17,92.10,85.94,4.87,3.87,1142797.97,36.86,2.76,0.01,0.00,2837210.65,91.52,85.96,4.92,3.92,2855427.62,92.10,86.00,4.96,3.96
4096,128,1,2722685.36,89.22,86.49,5.60,4.60,1129542.64,37.01,2.63,0.01,0.00,2636511.77,86.39,87.00,6.17,5.17,2793553.35,91.54,86.36,5.33,4.33
