msg size,write,read
64,18.78,18.70
128,18.70,18.71
192,18.68,18.97
256,18.73,18.76
320,18.73,18.74
384,18.77,18.82
448,18.82,18.76
512,18.72,18.79
576,18.70,18.63
640,18.70,18.65
704,18.61,18.77
768,18.81,18.65
832,18.78,18.63
896,18.69,18.65
960,18.66,18.68
1024,18.62,18.67
1088,18.82,18.74
1152,18.65,18.64
1216,18.64,18.65
1280,18.67,18.89
1344,18.64,18.65
1408,18.66,18.70
1472,18.79,18.65
1536,18.79,18.70
1600,18.63,18.86
1664,18.65,18.62
1728,18.60,18.71
1792,18.79,18.85
1856,18.65,18.69
1920,18.78,18.92
1984,18.64,18.67
2048,18.79,18.80
2112,18.72,18.69
2176,18.78,18.79
2240,18.80,18.93
2304,18.69,18.67
