msg size,write_ops,write_gbps,read_ops,read_gbps
64,7039045.05,3.60,0.00,0.00
128,7028512.66,7.20,0.00,0.00
192,7019853.02,10.78,0.00,0.00
256,7000044.36,14.34,0.00,0.00
320,7012699.56,17.95,0.00,0.00
384,6990373.99,21.47,0.00,0.00
448,6994470.70,25.07,0.00,0.00
512,6975402.03,28.57,0.00,0.00
576,6983003.11,32.18,0.00,0.00
640,6963796.79,35.65,0.00,0.00
704,6959507.67,39.20,0.00,0.00
768,6952491.11,42.72,0.00,0.00
832,6951509.00,46.27,0.00,0.00
896,6933777.42,49.70,0.00,0.00
960,6935870.33,53.27,0.00,0.00
1024,6898066.83,56.51,0.00,0.00
1088,6906759.62,60.12,0.00,0.00
1152,6905205.08,63.64,0.00,0.00
1216,6911265.99,67.23,0.00,0.00
1280,6904689.07,70.70,0.00,0.00
1344,6897016.54,74.16,0.00,0.00
1408,6893306.97,77.65,0.00,0.00
1472,6883028.42,81.05,0.00,0.00
1536,6872180.23,84.45,0.00,0.00
1600,6796576.55,87.00,0.00,0.00
1664,6718341.47,89.43,0.00,0.00
1728,6533538.70,90.32,0.00,0.00
1792,6269869.28,89.88,0.00,0.00
1856,6105371.92,90.65,0.00,0.00
1920,5952229.85,91.43,0.00,0.00
1984,5756203.33,91.36,0.00,0.00
2048,5600147.70,91.75,0.00,0.00
2112,5202266.28,87.90,0.00,0.00
2176,5095288.93,88.70,0.00,0.00
2240,4904583.52,87.89,0.00,0.00
2304,4846512.67,89.33,0.00,0.00
2368,4752688.66,90.03,0.00,0.00
2432,4639806.56,90.27,0.00,0.00
2496,4532138.22,90.50,0.00,0.00
2560,4429355.30,90.71,0.00,0.00
2624,4331130.52,90.92,0.00,0.00
2688,4237155.13,91.12,0.00,0.00
2752,4134752.46,91.03,0.00,0.00
2816,4054643.48,91.34,0.00,0.00
2880,3978233.87,91.66,0.00,0.00
2944,3713291.42,87.46,0.00,0.00
3008,3822443.00,91.98,0.00,0.00
3072,3685197.45,90.57,0.00,0.00
3136,3562306.83,89.37,0.00,0.00
3200,3521645.15,90.15,0.00,0.00
3264,3464390.65,90.46,0.00,0.00
3328,3404017.61,90.63,0.00,0.00
3392,3345696.97,90.79,0.00,0.00
3456,3289353.81,90.94,0.00,0.00
3520,3234856.43,91.09,0.00,0.00
3584,3182158.17,91.24,0.00,0.00
3648,3112882.99,90.85,0.00,0.00
3712,3066311.62,91.06,0.00,0.00
3776,3033851.98,91.65,0.00,0.00
3840,2987428.64,91.77,0.00,0.00
3904,2942428.78,91.90,0.00,0.00
3968,2898755.69,92.02,0.00,0.00
4032,2853027.83,92.03,0.00,0.00
4096,2815179.34,92.25,0.00,0.00
