msg size,write_ops,write_gbps,read_ops,read_gbps
64,7054770.80,3.61,0.00,0.00
128,7040983.30,7.21,0.00,0.00
192,7043257.16,10.82,0.00,0.00
256,7027509.98,14.39,0.00,0.00
320,7028347.17,17.99,0.00,0.00
384,7011363.40,21.54,0.00,0.00
448,7018419.93,25.15,0.00,0.00
512,7004846.04,28.69,0.00,0.00
576,6997933.07,32.25,0.00,0.00
640,6995567.35,35.82,0.00,0.00
704,6983700.48,39.33,0.00,0.00
768,6972595.09,42.84,0.00,0.00
832,6975449.47,46.43,0.00,0.00
896,6964193.86,49.92,0.00,0.00
960,6963353.09,53.48,0.00,0.00
1024,6965837.18,57.06,0.00,0.00
1088,6949301.50,60.49,0.00,0.00
1152,6932264.84,63.89,0.00,0.00
1216,6930135.20,67.42,0.00,0.00
1280,6931537.99,70.98,0.00,0.00
1344,6930411.82,74.52,0.00,0.00
1408,6921714.01,77.97,0.00,0.00
1472,6917441.73,81.46,0.00,0.00
1536,6917395.70,85.00,0.00,0.00
1600,6706301.20,85.84,0.00,0.00
1664,6616255.44,88.08,0.00,0.00
1728,6318254.70,87.34,0.00,0.00
1792,5981412.58,85.75,0.00,0.00
1856,5912925.22,87.80,0.00,0.00
1920,5703857.31,87.61,0.00,0.00
1984,5527263.67,87.73,0.00,0.00
2048,5207771.42,85.32,0.00,0.00
2112,4911376.41,82.98,0.00,0.00
2176,4541058.77,79.05,0.00,0.00
2240,4647146.95,83.28,0.00,0.00
2304,4517889.89,83.27,0.00,0.00
2368,4526258.70,85.75,0.00,0.00
2432,4381630.17,85.25,0.00,0.00
2496,4365596.34,87.17,0.00,0.00
2560,4166723.81,85.33,0.00,0.00
2624,4152910.87,87.18,0.00,0.00
2688,4105993.34,88.30,0.00,0.00
2752,4045497.07,89.07,0.00,0.00
2816,3897693.68,87.81,0.00,0.00
2880,3887653.72,89.57,0.00,0.00
2944,3728736.66,87.82,0.00,0.00
3008,3757264.30,90.41,0.00,0.00
3072,3562075.33,87.54,0.00,0.00
3136,3521402.57,88.34,0.00,0.00
3200,3429427.05,87.79,0.00,0.00
3264,3371093.32,88.03,0.00,0.00
3328,3342431.78,88.99,0.00,0.00
3392,3345672.29,90.79,0.00,0.00
3456,3282691.48,90.76,0.00,0.00
3520,3187966.92,89.77,0.00,0.00
3584,3095749.47,88.76,0.00,0.00
3648,3131100.21,91.38,0.00,0.00
3712,3081703.14,91.51,0.00,0.00
3776,3018319.65,91.18,0.00,0.00
3840,2830858.52,86.96,0.00,0.00
3904,2942399.25,91.90,0.00,0.00
3968,2868043.91,91.04,0.00,0.00
4032,2842693.85,91.69,0.00,0.00
4096,2815136.50,92.25,0.00,0.00
