msg size,write_ops,write_gbps,read_ops,read_gbps
64,5332994.82,2.73,5369886.44,2.75
128,5290619.36,5.42,5362187.17,5.49
192,5241078.24,8.05,5334772.73,8.19
256,5262740.11,10.78,5243695.05,10.74
320,5253554.49,13.45,5165645.62,13.22
384,5208121.30,16.00,5076466.91,15.59
448,5196413.16,18.62,5011547.22,17.96
512,5144411.93,21.07,5010110.31,20.52
576,5036755.72,23.21,5022351.63,23.14
640,4922059.19,25.20,5017106.60,25.69
704,4871592.22,27.44,5051278.75,28.45
768,4843082.40,29.76,5049059.89,31.02
832,4922041.89,32.76,4993728.05,33.24
896,4722874.00,33.85,4860313.29,34.84
960,4707184.37,36.15,4869627.89,37.40
1024,4596012.66,37.65,4821245.74,39.50
1088,4609845.71,40.12,4225331.59,36.78
1152,4501415.83,41.49,4667361.87,43.01
1216,4451103.45,43.30,4242736.85,41.27
1280,4329192.11,44.33,4212838.20,43.14
1344,4546685.41,48.89,4101232.02,44.10
1408,4267279.76,48.07,4474358.11,50.40
1472,4256687.65,50.13,4039381.16,47.57
1536,4190043.62,51.49,3589514.97,44.11
1600,4342522.17,55.58,3554518.60,45.50
1664,4132212.88,55.01,4303469.42,57.29
1728,4097327.03,56.64,3550790.07,49.09
1792,4054308.06,58.12,3550612.64,50.90
1856,4144811.78,61.54,3507733.46,52.08
1920,4046849.14,62.16,4112568.17,63.17
1984,4066023.57,64.54,3496259.00,55.49
2048,4015077.84,65.78,3376526.32,55.32
2112,4029253.43,68.08,2649844.43,44.77
2176,3807219.37,66.28,3336122.80,58.08
2240,3780003.45,67.74,2630323.78,47.14
2304,3641811.53,67.13,2627680.07,48.43
2368,3872550.74,73.36,2589036.31,49.05
2432,3581013.08,69.67,3090422.41,60.13
2496,3617710.35,72.24,2558007.73,51.08
2560,3435895.09,70.37,2370310.02,48.54
2624,3650653.02,76.63,2373504.93,49.82
2688,3359727.00,72.25,3287664.22,70.70
2752,3385213.32,74.53,2334965.30,51.41
2816,3113619.07,70.14,2361097.71,53.19
2880,3494409.91,80.51,2364202.61,54.47
2944,3118099.58,73.44,2989225.95,70.40
3008,3201388.54,77.04,2342365.12,56.37
3072,3046287.73,74.87,2300220.52,56.53
3136,3212675.66,80.60,1925013.88,48.29
3200,2896689.31,74.16,2503029.10,64.08
3264,2917606.95,76.18,1913811.50,49.97
3328,2815374.16,74.96,1909765.49,50.85
3392,3051179.97,82.80,1888204.72,51.24
3456,2790859.45,77.16,2312379.32,63.93
3520,2802265.25,78.91,1876358.55,52.84
3584,2714139.00,77.82,1789331.29,51.30
3648,2893322.67,84.44,1766986.33,51.57
3712,2667972.31,79.23,2428900.23,72.13
3776,2687622.96,81.19,1765559.88,53.33
3840,2589493.10,79.55,1764582.95,54.21
3904,2759357.87,86.18,1762914.67,55.06
3968,2550710.10,80.97,2287396.00,72.61
4032,2560188.32,82.58,1762155.35,56.84
4096,2460966.87,80.64,1821405.47,59.68
