msg size,write_ops,write_gbps,read_ops,read_gbps
64,6972874.65,3.57,0.00,0.00
128,6934141.98,7.10,0.00,0.00
192,6935707.75,10.65,0.00,0.00
256,6954256.47,14.24,0.00,0.00
320,6917060.16,17.71,0.00,0.00
384,6939802.66,21.32,0.00,0.00
448,6886070.83,24.68,0.00,0.00
512,6911482.46,28.31,0.00,0.00
576,6887511.08,31.74,0.00,0.00
640,6895655.98,35.31,0.00,0.00
704,6876473.98,38.73,0.00,0.00
768,6869748.61,42.21,0.00,0.00
832,6872506.65,45.74,0.00,0.00
896,6867753.32,49.23,0.00,0.00
960,6846770.08,52.58,0.00,0.00
1024,6826875.94,55.93,0.00,0.00
1088,6802154.54,59.21,0.00,0.00
1152,6781626.83,62.50,0.00,0.00
1216,6794780.21,66.10,0.00,0.00
1280,6797879.10,69.61,0.00,0.00
1344,6806525.64,73.18,0.00,0.00
1408,6753782.27,76.07,0.00,0.00
1472,6756051.87,79.56,0.00,0.00
1536,6621821.25,81.37,0.00,0.00
1600,6746978.49,86.36,0.00,0.00
1664,6392007.08,85.09,0.00,0.00
1728,6445391.72,89.10,0.00,0.00
1792,6074718.34,87.09,0.00,0.00
1856,6139225.35,91.16,0.00,0.00
1920,5744507.79,88.24,0.00,0.00
1984,5676890.11,90.10,0.00,0.00
2048,5140383.44,84.22,0.00,0.00
2112,5051139.30,85.34,0.00,0.00
2176,4928891.66,85.80,0.00,0.00
2240,4853126.62,86.97,0.00,0.00
2304,4738224.09,87.33,0.00,0.00
2368,4677416.35,88.61,0.00,0.00
2432,4578482.84,89.08,0.00,0.00
2496,4482625.08,89.51,0.00,0.00
2560,4320785.86,88.49,0.00,0.00
2624,4303450.52,90.34,0.00,0.00
2688,4211608.77,90.57,0.00,0.00
2752,4129998.29,90.93,0.00,0.00
2816,4000133.22,90.12,0.00,0.00
2880,3965567.49,91.37,0.00,0.00
2944,3829305.57,90.19,0.00,0.00
3008,3781757.75,91.00,0.00,0.00
3072,3726459.82,91.58,0.00,0.00
3136,3561829.94,89.36,0.00,0.00
3200,3526966.37,90.29,0.00,0.00
3264,3446142.52,89.99,0.00,0.00
3328,3404027.12,90.63,0.00,0.00
3392,3345704.15,90.79,0.00,0.00
3456,3289361.21,90.94,0.00,0.00
3520,3234867.18,91.09,0.00,0.00
3584,3180143.80,91.18,0.00,0.00
3648,3131142.69,91.38,0.00,0.00
3712,2967457.98,88.12,0.00,0.00
3776,3033866.44,91.65,0.00,0.00
3840,2854525.10,87.69,0.00,0.00
3904,2942444.32,91.90,0.00,0.00
3968,2898767.15,92.02,0.00,0.00
4032,2856380.41,92.14,0.00,0.00
4096,2815198.91,92.25,0.00,0.00
