msg size,write_ops,write_gbps,read_ops,read_gbps
64,1729287.63,0.89,1668282.85,0.85
128,1722283.95,1.76,1643476.49,1.68
192,1649325.17,2.53,1628241.73,2.50
256,1628934.54,3.34,1613410.40,3.30
320,1636401.42,4.19,1622242.83,4.15
384,1629148.52,5.00,1610991.92,4.95
448,1624970.49,5.82,1606011.55,5.76
512,1605494.51,6.58,1610692.83,6.60
576,1595001.17,7.35,1603658.10,7.39
640,1591152.52,8.15,1598107.03,8.18
704,1565219.84,8.82,1580545.66,8.90
768,1592607.89,9.78,1598179.89,9.82
832,1537200.38,10.23,1603371.47,10.67
896,1577161.16,11.31,1605754.89,11.51
960,1553459.19,11.93,1586237.60,12.18
1024,1540399.68,12.62,1589289.33,13.02
1088,1498043.56,13.04,1530644.78,13.32
1152,1442592.46,13.29,1535252.21,14.15
1216,1427630.51,13.89,1508546.29,14.68
1280,1438390.80,14.73,1504743.58,15.41
1344,1437168.72,15.45,1502970.62,16.16
1408,1416165.58,15.95,1521560.26,17.14
1472,1415697.86,16.67,1502356.45,17.69
1536,1401662.14,17.22,1474113.74,18.11
1600,1444441.23,18.49,1472199.25,18.84
1664,1386474.83,18.46,1478240.30,19.68
1728,1387155.55,19.18,1461910.23,20.21
1792,1307589.97,18.75,1459012.19,20.92
1856,1398965.33,20.77,1460510.84,21.69
1920,1314624.07,20.19,1466556.73,22.53
1984,1354647.01,21.50,1449315.89,23.00
2048,1346577.37,22.06,1455610.93,23.85
2112,1338680.47,22.62,1412600.97,23.87
2176,1283544.91,22.34,1397020.96,24.32
2240,1282736.94,22.99,1337732.47,23.97
2304,1276831.55,23.53,1344818.87,24.79
2368,1313053.83,24.87,1325916.16,25.12
2432,1281017.16,24.92,1320197.37,25.69
2496,1276237.31,25.48,1314564.74,26.25
2560,1221281.24,25.01,1324528.09,27.13
2624,1241472.53,26.06,1315792.94,27.62
2688,1230142.64,26.45,1313576.67,28.25
2752,1226943.86,27.01,1313324.80,28.91
2816,1190403.51,26.82,1313042.91,29.58
2880,1272400.29,29.32,1313231.44,30.26
2944,1192092.92,28.08,1313000.50,30.92
3008,1187356.96,28.57,1312474.55,31.58
3072,1193941.97,29.34,1301274.56,31.98
3136,1280212.48,32.12,1275403.16,32.00
3200,1186317.42,30.37,1262601.61,32.32
3264,1181362.92,30.85,1251681.95,32.68
3328,1158735.12,30.85,1235232.69,32.89
3392,1208669.23,32.80,1229662.48,33.37
3456,1137351.46,31.45,1205740.81,33.34
3520,1144426.27,32.23,1207869.93,34.01
3584,1148617.20,32.93,1200861.29,34.43
3648,1184432.96,34.57,1191485.81,34.77
3712,1084240.48,32.20,1182828.24,35.13
3776,1109968.70,33.53,1182952.07,35.73
3840,1147779.57,35.26,1182989.56,36.34
3904,1173949.95,36.66,1182599.83,36.93
3968,1081560.75,34.33,1182699.04,37.54
4032,1075694.65,34.70,1182288.54,38.14
4096,1078291.06,35.33,1180873.66,38.69
