msg size,write_ops,write_gbps,read_ops,read_gbps
64,445031.42,0.23,442203.59,0.23
128,445881.50,0.46,436478.46,0.45
192,431834.94,0.66,432959.47,0.67
256,437560.74,0.90,429098.51,0.88
320,434368.15,1.11,428099.53,1.10
384,432696.19,1.33,419669.89,1.29
448,429261.67,1.54,423182.19,1.52
512,416061.51,1.70,418174.99,1.71
576,421119.05,1.94,417158.71,1.92
640,417181.82,2.14,414070.07,2.12
704,415123.86,2.34,410629.29,2.31
768,418729.08,2.57,413922.94,2.54
832,416404.16,2.77,411317.86,2.74
896,410142.33,2.94,409098.05,2.93
960,413412.22,3.18,406735.28,3.12
1024,410547.25,3.36,404202.74,3.31
1088,399867.50,3.48,395557.95,3.44
1152,391915.57,3.61,386032.42,3.56
1216,398950.35,3.88,383539.76,3.73
1280,391917.35,4.01,382837.49,3.92
1344,394571.36,4.24,386133.90,4.15
1408,393943.45,4.44,381671.03,4.30
1472,397095.33,4.68,381739.62,4.50
1536,387073.75,4.76,380601.85,4.68
1600,391277.88,5.01,388947.54,4.98
1664,380052.45,5.06,379739.13,5.06
1728,388415.85,5.37,377662.82,5.22
1792,389466.25,5.58,379049.68,5.43
1856,378933.62,5.63,385740.47,5.73
1920,388756.69,5.97,377703.47,5.80
1984,389648.99,6.18,374930.67,5.95
2048,386306.37,6.33,374950.52,6.14
2112,376175.06,6.36,379453.91,6.41
2176,378730.58,6.59,368951.36,6.42
2240,368685.29,6.61,366887.68,6.57
2304,373787.48,6.89,362717.12,6.69
2368,378031.56,7.16,367177.48,6.96
2432,378645.49,7.37,366033.74,7.12
2496,366684.89,7.32,362862.74,7.25
2560,353738.45,7.24,361778.40,7.41
2624,368477.49,7.74,372999.44,7.83
2688,366383.71,7.88,361473.65,7.77
2752,369766.91,8.14,357844.26,7.88
2816,353078.10,7.95,360821.82,8.13
2880,350076.47,8.07,370286.66,8.53
2944,373912.93,8.81,360845.91,8.50
3008,376139.34,9.05,358253.42,8.62
3072,370634.34,9.11,357806.18,8.79
3136,346118.85,8.68,364178.79,9.14
3200,365089.18,9.35,349508.04,8.95
3264,372260.65,9.72,347049.87,9.06
3328,345826.43,9.21,343575.02,9.15
3392,363233.95,9.86,361160.51,9.80
3456,341337.38,9.44,347063.54,9.60
3520,369174.74,10.40,345712.82,9.74
3584,361507.99,10.37,344154.47,9.87
3648,335298.12,9.79,352231.32,10.28
3712,339372.87,10.08,341165.85,10.13
3776,361371.42,10.92,342740.50,10.35
3840,360658.76,11.08,342252.58,10.51
3904,339795.94,10.61,351698.69,10.98
3968,335936.31,10.66,340366.09,10.80
4032,343316.61,11.07,338678.61,10.92
4096,335783.40,11.00,336451.45,11.02
